8 64
8 64
8 64
8 64
16 159
16 160
16 159
16 159
32 351
32 352
32 352
32 352
64 767
64 767
64 767
64 767
128 1696
128 1695
128 1695
128 1696
256 3776
256 3776
256 3776
256 3807
512 8383
512 8383
512 8383
512 8383
1024 18399
1024 18399
1024 18368
1024 18431
2048 40575
2048 40510
2048 40510
2048 40543
4096 88957
4096 88957
4096 89021
4096 88989
8192 191033
8192 191065
8192 191065
8192 191033
16384 408402
16384 407986
16384 407890
16384 409298
32768 894049
32768 890946
32768 892993
32768 896161
65536 1.96496e+06
65536 1.97449e+06
65536 1.96288e+06
65536 1.97952e+06
131072 4.24881e+06
131072 4.23848e+06
131072 4.23787e+06
131072 4.26804e+06
262144 9.12541e+06
262144 9.07313e+06
262144 9.05924e+06
262144 9.06055e+06
524288 1.95107e+07
524288 1.93386e+07
524288 1.9444e+07
524288 1.94668e+07
1048576 4.20697e+07
1048576 4.20138e+07
1048576 4.18439e+07
1048576 4.16575e+07
2097152 9.22473e+07
2097152 9.2062e+07
2097152 9.2804e+07
2097152 9.24286e+07
