8 80
8 96
8 96
8 96
8 96
8 80
8 96
8 64
16 128
16 96
16 96
16 112
16 160
16 160
16 96
16 160
32 224
32 224
32 304
32 288
32 288
32 272
32 224
32 192
64 352
64 352
64 672
64 640
64 640
64 368
64 368
64 640
128 800
128 800
128 800
128 816
128 800
128 832
128 800
128 816
256 1792
256 1776
256 1824
256 1824
256 1792
256 1792
256 1792
256 1792
512 3968
512 3936
512 3951.5
512 3968
512 3983.5
512 3936
512 3968
512 3968
1024 8831.5
1024 8800
1024 8784
1024 8736
1024 8735.5
1024 8799.5
1024 8783.5
1024 8848
2048 19407.5
2048 19455
2048 19455
2048 19439.5
2048 19471
2048 19423
2048 19359.5
2048 19471
4096 42638
4096 42670
4096 42878.5
4096 42734.5
4096 42894.5
4096 42750.5
4096 42702
4096 43134
8192 93852.5
8192 93709
8192 93341
8192 93580.5
8192 94029
8192 93996.5
8192 93805
8192 94157
16384 219960
16384 219880
16384 218712
16384 220393
16384 220632
16384 220489
16384 224825
16384 227737
32768 502096
32768 498400
32768 499007
32768 501151
32768 498255
32768 500640
32768 493904
32768 499040
65536 1.09108e+06
65536 1.08873e+06
65536 1.0816e+06
65536 1.08225e+06
65536 1.07969e+06
65536 1.08857e+06
65536 1.07667e+06
65536 1.08508e+06
131072 2.33973e+06
131072 2.34938e+06
131072 2.37918e+06
131072 2.35203e+06
131072 2.38662e+06
131072 2.34815e+06
131072 2.33651e+06
131072 2.34362e+06
262144 5.21269e+06
262144 5.18783e+06
262144 5.14527e+06
262144 5.15933e+06
262144 5.10936e+06
262144 5.18687e+06
262144 5.14415e+06
262144 5.18042e+06
524288 1.16168e+07
524288 1.17614e+07
524288 1.15238e+07
524288 1.14841e+07
524288 1.15654e+07
524288 1.14647e+07
524288 1.16388e+07
524288 1.14333e+07
1048576 2.59268e+07
1048576 2.5687e+07
1048576 2.55784e+07
1048576 2.54159e+07
1048576 2.51971e+07
1048576 2.56618e+07
1048576 2.54955e+07
1048576 2.54183e+07
2097152 5.63454e+07
2097152 5.67208e+07
2097152 5.63925e+07
2097152 5.64804e+07
2097152 5.64853e+07
2097152 5.66002e+07
2097152 5.60421e+07
2097152 5.60519e+07
