8 64
8 64
8 64
8 64
16 64
16 64
16 64
16 64
32 128
32 128
32 128
32 128
64 288
64 288
64 288
64 288
128 592
128 608
128 608
128 608
256 1344
256 1344
256 1344
256 1344
512 3008
512 3008
512 3008
512 3008
1024 6719
1024 6688
1024 6719
1024 6719.5
2048 15072
2048 15071
2048 15040
2048 15071
4096 34527
4096 34526.5
4096 34527
4096 34510.5
8192 79197.5
8192 79085
8192 78797
8192 78781
16384 180778
16384 178730
16384 186634
16384 175114
32768 495230
32768 481759
32768 481583
32768 481088
65536 1.24464e+06
65536 1.2345e+06
65536 1.23442e+06
65536 1.23231e+06
131072 2.80413e+06
131072 2.83382e+06
131072 2.79528e+06
131072 2.81057e+06
262144 6.2525e+06
262144 6.21786e+06
262144 6.28784e+06
262144 6.18084e+06
524288 1.39083e+07
524288 1.38592e+07
524288 1.36416e+07
524288 1.37832e+07
1048576 3.04755e+07
1048576 3.04615e+07
1048576 3.04173e+07
1048576 3.04316e+07
2097152 6.95573e+07
2097152 6.98263e+07
2097152 6.95068e+07
2097152 6.98618e+07
