8 64
8 64
8 64
8 64
8 48
8 64
8 64
8 64
16 96
16 96
16 96
16 80
16 96
16 96
16 96
16 96
32 176
32 160
32 160
32 128
32 160
32 160
32 160
32 160
64 320
64 288
64 288
64 288
64 288
64 288
64 288
64 288
128 624
128 608
128 640
128 640
128 640
128 640
128 640
128 640
256 1407.5
256 1408
256 1408
256 1376
256 1408
256 1376
256 1407.5
256 1408
512 3008
512 2992
512 3056
512 3088
512 3007.5
512 2960
512 2976
512 3056
1024 6512
1024 6607.5
1024 6672
1024 6560
1024 6656
1024 6495.5
1024 6560
1024 6543.5
2048 14895.5
2048 15071.5
2048 15008
2048 14959.5
2048 15040
2048 15087.5
2048 14927.5
2048 14927
4096 35198.5
4096 35039
4096 34799
4096 35278.5
4096 34879
4096 35470.5
4096 35055
4096 34686.5
8192 79101.5
8192 79437.5
8192 79357.5
8192 79341.5
8192 79101.5
8192 79133.5
8192 79517
8192 78605
16384 172810
16384 167850
16384 167467
16384 169306
16384 168618
16384 167962
16384 167754
16384 169146
32768 482384
32768 481441
32768 481408
32768 481184
32768 480176
32768 480880
32768 478208
32768 483472
65536 1.25649e+06
65536 1.24414e+06
65536 1.24798e+06
65536 1.26062e+06
65536 1.24582e+06
65536 1.23988e+06
65536 1.23705e+06
65536 1.24086e+06
131072 2.83642e+06
131072 2.8332e+06
131072 2.833e+06
131072 2.83168e+06
131072 2.80877e+06
131072 2.81853e+06
131072 2.83133e+06
131072 2.84647e+06
262144 6.31183e+06
262144 6.31152e+06
262144 6.2914e+06
262144 6.29367e+06
262144 6.33135e+06
262144 6.29543e+06
262144 6.27865e+06
262144 6.24318e+06
524288 1.40155e+07
524288 1.38423e+07
524288 1.39231e+07
524288 1.38899e+07
524288 1.39564e+07
524288 1.39804e+07
524288 1.39434e+07
524288 1.38178e+07
1048576 3.09596e+07
1048576 3.04088e+07
1048576 3.07449e+07
1048576 3.0651e+07
1048576 3.03385e+07
1048576 3.06015e+07
1048576 3.06703e+07
1048576 3.06863e+07
2097152 7.03227e+07
2097152 7.19552e+07
2097152 7.18143e+07
2097152 7.14129e+07
2097152 7.13769e+07
2097152 7.18138e+07
2097152 7.07625e+07
2097152 7.13835e+07
4194304 1.85912e+08
4194304 1.84066e+08
4194304 1.82484e+08
4194304 1.82538e+08
4194304 1.80842e+08
4194304 1.8361e+08
4194304 1.83434e+08
4194304 1.82543e+08
