8 64
8 64
8 64
8 64
8 64
8 64
8 64
8 48
16 80
16 79.5
16 64
16 64
16 64
16 64
16 96
16 64
32 128
32 128
32 128
32 128
32 128
32 112
32 128
32 128
64 256
64 256
64 256
64 256
64 256
64 256
64 256
64 256
128 512
128 528
128 544
128 512
128 528
128 512
128 512
128 512
256 1152
256 1152
256 1152
256 1152
256 1152
256 1152
256 1152
256 1152
512 2560
512 2544
512 2544
512 2528
512 2528
512 2543.5
512 2528
512 2544
1024 5632
1024 5631.5
1024 5631.5
1024 5600
1024 5632
1024 5631.5
1024 5632
1024 5631.5
2048 12448
2048 12480
2048 12448
2048 12464
2048 12463.5
2048 12479.5
2048 12447
2048 12463.5
4096 27615
4096 27615
4096 27615
4096 27583
4096 27551.5
4096 27535
4096 27583
4096 27567
8192 61262
8192 61198
8192 61166
8192 61214
8192 61182
8192 61182
8192 61214
8192 61278
16384 153691
16384 151691
16384 151995
16384 151675
16384 153915
16384 157467
16384 152411
16384 154667
32768 358452
32768 362676
32768 359124
32768 361508
32768 363588
32768 363028
32768 359556
32768 359156
65536 808182
65536 816006
65536 819654
65536 823942
65536 819558
65536 809782
65536 815478
65536 817014
131072 1.83557e+06
131072 1.8246e+06
131072 1.83436e+06
131072 1.82392e+06
131072 1.83482e+06
131072 1.83032e+06
131072 1.83666e+06
131072 1.82837e+06
262144 4.0596e+06
262144 4.07657e+06
262144 4.05105e+06
262144 4.11451e+06
262144 4.00033e+06
262144 4.06216e+06
262144 4.0331e+06
262144 4.00366e+06
524288 9.24151e+06
524288 9.12681e+06
524288 8.95081e+06
524288 8.98867e+06
524288 8.99003e+06
524288 9.00963e+06
524288 8.99828e+06
524288 9.05348e+06
1048576 2.13284e+07
1048576 2.06379e+07
1048576 2.04411e+07
1048576 2.00942e+07
1048576 2.02728e+07
1048576 2.01511e+07
1048576 2.0159e+07
1048576 2.04754e+07
2097152 4.77828e+07
2097152 4.8359e+07
2097152 4.72562e+07
2097152 4.82734e+07
2097152 4.71939e+07
2097152 4.71059e+07
2097152 4.80412e+07
2097152 4.79804e+07
4194304 1.1886e+08
4194304 1.19931e+08
4194304 1.21347e+08
4194304 1.19237e+08
4194304 1.20754e+08
4194304 1.20899e+08
4194304 1.20453e+08
4194304 1.19539e+08
