8 5 5 8 14 0 14 0 15 15
8 3 3 6 10 0 10 0 10 11
8 3 3 5 9 0 9 0 10 10
8 3 3 4 8 0 8 0 8 9
8 3 3 4 8 0 8 0 8 9
8 3 3 5 9 0 9 0 9 10
8 3 3 4 8 0 8 0 8 9
8 3 3 5 8 0 9 0 9 9
8 4 4 4 8 0 9 0 9 10
8 3 3 5 8 0 9 0 9 10
8 3 3 5 9 0 10 0 10 10
8 4 4 5 9 0 9 0 10 10
8 3 3 4 8 0 9 0 9 9
8 3 3 5 9 0 9 0 9 10
8 3 3 4 8 0 9 0 9 9
8 3 3 4 8 0 8 0 8 9
8 3 3 5 8 0 9 0 9 10
8 3 3 5 9 0 9 0 10 10
8 3 3 4 8 0 9 0 9 9
8 4 4 5 9 0 10 0 10 10
8 3 3 4 8 0 9 0 9 9
8 3 3 5 8 0 9 0 9 10
8 3 3 5 9 0 9 0 10 10
8 3 3 4 8 0 8 0 9 9
8 4 4 4 8 0 9 0 9 9
8 3 3 4 8 0 8 0 9 9
8 3 3 5 8 0 9 0 9 10
8 3 3 4 8 0 8 0 8 9
8 4 4 5 9 0 10 0 10 10
8 3 3 4 8 0 8 0 8 9
8 3 3 4 8 0 8 0 9 9
8 3 3 4 8 0 8 0 8 9
16 4 4 4 8 0 9 0 9 9
16 4 4 4 8 0 9 0 9 9
16 4 4 4 8 0 8 0 9 9
16 4 4 5 9 0 9 0 9 10
16 3 3 5 9 0 9 0 9 10
16 4 4 5 9 0 9 0 10 10
16 4 4 4 8 0 9 0 9 9
16 4 4 4 9 0 9 0 9 10
16 3 3 5 8 0 9 0 9 9
16 4 4 5 9 0 9 0 9 10
16 3 3 5 8 0 9 0 9 10
16 4 4 4 9 0 9 0 9 10
16 3 3 4 8 0 8 0 8 9
16 4 4 5 9 0 10 0 10 10
16 3 3 4 8 0 8 0 8 9
16 3 3 4 8 0 8 0 9 9
16 3 3 4 8 0 8 0 9 9
16 3 3 5 8 0 9 0 9 10
16 3 3 4 8 0 8 0 8 9
16 3 3 3 7 0 7 0 8 8
16 3 3 5 9 0 9 0 9 10
16 3 3 4 8 0 8 0 9 9
16 3 3 5 9 0 9 0 9 10
16 3 3 5 8 0 9 0 9 10
16 3 3 4 8 0 8 0 9 9
16 3 3 4 8 0 9 0 9 9
16 4 4 5 9 0 9 0 10 10
16 3 3 4 8 0 9 0 9 9
16 3 3 4 8 0 9 0 9 9
16 3 3 4 8 0 9 0 9 9
16 3 3 4 8 0 8 0 9 9
16 4 4 4 8 0 9 0 9 9
32 4 4 4 9 0 10 0 10 10
32 4 4 4 9 0 9 0 9 10
32 4 4 4 9 0 9 0 10 10
32 4 4 4 9 0 9 0 10 10
32 4 4 4 9 0 10 0 10 11
32 4 4 5 9 0 10 0 10 10
32 4 4 4 9 0 9 0 10 10
32 4 4 4 8 0 8 0 9 9
32 4 4 4 9 0 9 0 10 10
32 4 4 4 9 0 9 0 10 10
32 4 4 4 9 0 9 0 10 10
32 4 4 4 9 0 9 0 10 10
32 4 4 4 9 0 9 0 9 10
32 4 4 4 8 0 8 0 9 9
32 4 4 4 8 0 8 0 8 9
32 4 4 4 8 0 9 0 9 10
32 4 4 5 9 0 10 0 10 11
32 4 4 4 8 0 8 0 9 9
32 4 4 4 8 0 8 0 9 9
32 4 4 4 8 0 9 0 9 10
32 4 4 4 9 0 9 0 9 10
32 4 4 4 9 0 9 0 9 10
32 4 4 4 9 0 9 0 9 10
32 4 4 4 8 0 9 0 9 9
32 4 4 4 9 0 9 0 10 10
32 3 3 4 8 0 8 0 8 9
32 4 4 4 9 0 9 0 9 10
32 4 4 4 9 0 9 0 10 10
32 4 4 5 9 0 10 0 10 10
32 4 4 4 9 0 9 0 9 10
32 4 4 4 8 0 8 0 9 9
32 4 4 5 9 0 9 0 10 10
64 6 6 4 11 0 11 0 12 12
64 5 5 5 10 0 10 0 11 11
64 6 6 4 11 0 11 0 12 12
64 5 5 4 10 0 10 0 11 11
64 5 5 5 10 0 11 0 11 12
64 5 5 4 9 0 10 0 10 11
64 5 5 4 9 0 9 0 10 10
64 5 5 4 9 0 10 0 10 11
64 5 5 4 10 0 10 0 11 11
64 5 5 4 9 0 10 0 10 11
64 5 5 5 11 0 11 0 12 12
64 5 5 4 9 0 9 0 10 10
64 4 4 4 9 0 9 0 10 10
64 5 5 4 10 0 10 0 11 11
64 5 5 4 9 0 10 0 10 11
64 4 4 4 9 0 9 0 10 10
64 5 5 5 10 0 10 0 11 11
64 5 5 4 9 0 10 0 10 11
64 5 5 4 10 0 10 0 11 11
64 5 5 4 10 0 10 0 11 11
64 5 5 4 10 0 10 0 11 11
64 6 6 4 10 0 10 0 11 11
64 5 5 4 10 0 10 0 10 11
64 5 5 5 10 0 11 0 11 12
64 5 5 4 10 0 10 0 11 11
64 6 6 4 10 0 10 0 11 11
64 5 5 4 9 0 9 0 10 10
64 5 5 4 10 0 10 0 10 11
64 5 5 4 10 0 10 0 10 11
64 5 5 5 10 0 11 0 11 11
64 5 5 4 9 0 9 0 10 10
64 5 5 4 10 0 10 0 11 11
128 7 7 5 13 0 13 0 14 14
128 7 7 5 12 0 13 0 14 14
128 6 6 4 11 0 11 0 12 12
128 7 7 4 12 0 12 0 13 13
128 7 7 4 11 0 11 0 12 13
128 7 7 5 12 0 13 0 14 14
128 7 7 5 13 0 13 0 14 14
128 7 7 4 11 0 12 0 13 13
128 7 7 4 11 0 12 0 12 13
128 6 6 4 10 0 10 0 11 11
128 6 6 4 10 0 11 0 11 12
128 7 7 5 12 0 12 0 13 14
128 7 7 5 12 0 12 0 13 14
128 7 7 5 13 0 13 0 14 15
128 6 6 4 11 0 11 0 12 12
128 7 7 4 12 0 12 0 13 14
128 6 6 4 11 0 11 0 12 13
128 6 6 4 11 0 11 0 12 12
128 6 6 4 10 0 11 0 11 12
128 6 6 4 11 0 11 0 12 12
128 6 6 4 11 0 11 0 12 12
128 6 6 4 11 0 11 0 12 12
128 7 7 4 12 0 12 0 13 13
128 7 7 4 11 0 12 0 13 13
128 7 7 4 11 0 11 0 12 12
128 7 7 4 12 0 12 0 13 14
128 7 7 4 11 0 12 0 12 13
128 6 6 4 10 0 10 0 11 11
128 7 7 4 11 0 12 0 13 13
128 6 6 4 11 0 11 0 12 12
128 6 6 4 11 0 11 0 12 12
128 7 7 4 11 0 11 0 12 13
256 10 10 5 15 0 15 1 17 17
256 9 9 4 14 0 15 1 16 17
256 9 9 5 14 0 14 1 16 16
256 8 8 4 13 0 14 1 15 16
256 9 9 4 14 0 14 1 15 16
256 9 9 4 14 0 14 1 15 16
256 9 9 4 13 0 14 1 15 16
256 10 10 6 16 0 17 1 18 19
256 10 10 5 15 0 16 1 17 18
256 10 10 5 15 0 16 1 17 18
256 10 10 5 15 0 16 1 17 18
256 10 10 5 15 0 15 1 17 17
256 10 10 5 15 0 15 1 17 17
256 9 9 5 15 0 15 1 17 17
256 10 10 5 16 0 16 1 18 18
256 10 10 5 15 0 15 1 17 17
256 9 9 4 14 0 14 1 15 16
256 10 10 5 16 0 16 1 18 18
256 10 10 4 15 0 15 1 17 17
256 10 10 5 16 0 16 1 18 18
256 10 10 5 16 0 16 1 18 18
256 10 10 4 15 0 15 1 17 17
256 10 10 5 15 0 15 1 17 18
256 10 10 5 15 0 15 1 17 17
256 9 9 5 14 0 15 1 16 17
256 10 10 6 16 0 16 1 18 18
256 10 10 5 16 0 16 1 18 18
256 10 10 5 16 0 16 1 17 18
256 10 10 5 15 0 16 1 17 18
256 10 10 5 15 0 16 1 17 18
256 10 10 5 16 0 16 1 18 18
256 10 10 4 15 0 15 1 16 17
512 16 16 6 22 0 22 3 25 26
512 16 16 6 22 0 23 3 26 26
512 16 16 5 22 0 22 3 25 26
512 15 15 5 20 0 21 3 24 24
512 15 15 5 21 0 22 3 25 26
512 16 16 6 22 0 22 3 25 26
512 15 15 6 21 0 21 3 25 25
512 16 16 5 21 0 22 3 25 26
512 15 15 5 20 0 21 3 24 25
512 15 15 5 21 0 21 3 25 25
512 16 16 6 23 0 23 3 26 27
512 15 15 5 21 0 21 3 24 25
512 15 15 5 21 0 22 3 25 26
512 16 16 5 21 0 22 3 25 26
512 15 15 5 20 0 21 3 24 25
512 16 16 6 23 0 23 3 26 27
512 15 15 5 21 0 21 3 24 25
512 15 15 5 21 0 21 3 25 25
512 15 15 5 20 0 20 3 24 24
512 14 14 5 20 0 20 3 24 24
512 14 14 5 20 0 20 3 23 24
512 16 16 6 23 0 23 3 27 27
512 15 15 5 21 0 21 3 24 25
512 15 15 5 21 0 21 3 24 25
512 16 16 5 22 0 22 3 25 26
512 14 14 5 20 0 20 3 23 24
512 14 14 5 19 0 20 3 23 23
512 14 14 5 19 0 19 3 22 23
512 13 13 5 19 0 19 3 22 23
512 14 14 5 20 0 20 3 23 24
512 15 15 5 21 0 21 3 24 25
512 14 14 5 20 0 20 3 24 24
1024 26 26 7 34 0 34 6 41 42
1024 26 26 7 34 0 34 6 41 42
1024 26 26 7 34 0 34 6 41 42
1024 27 27 7 34 0 35 6 42 42
1024 27 27 7 35 0 35 6 42 42
1024 26 26 7 33 0 34 6 40 41
1024 25 25 6 32 0 32 6 39 40
1024 26 26 7 33 0 34 7 42 42
1024 26 26 7 33 0 34 6 41 41
1024 27 27 7 35 0 35 6 42 42
1024 26 26 8 35 0 35 6 42 43
1024 26 26 7 33 0 33 6 40 41
1024 26 26 7 33 0 34 6 41 41
1024 26 26 7 33 0 34 6 41 41
1024 26 26 8 34 0 35 6 41 42
1024 26 26 7 33 0 33 6 40 41
1024 27 27 7 35 0 35 6 42 42
1024 26 26 6 33 0 33 6 40 41
1024 26 26 6 32 0 33 6 40 40
1024 26 26 8 35 0 35 6 42 43
1024 26 26 6 33 0 33 6 40 40
1024 27 27 6 33 0 34 6 40 41
1024 27 27 7 34 0 34 6 41 42
1024 27 27 7 35 0 35 6 42 42
1024 25 25 6 32 0 33 6 39 40
1024 25 25 6 32 0 33 6 39 40
1024 26 26 7 33 0 33 6 40 41
1024 26 26 7 33 0 33 6 40 41
1024 27 27 6 33 0 34 6 41 41
1024 26 26 7 34 0 34 6 41 41
1024 26 26 6 33 0 33 6 40 40
1024 27 27 7 35 0 35 6 42 42
2048 49 49 11 61 0 61 15 76 77
2048 49 49 9 59 0 59 15 74 75
2048 50 50 10 61 0 61 15 76 77
2048 49 49 9 59 0 59 15 75 75
2048 50 50 9 60 0 60 15 75 76
2048 49 49 9 59 0 59 15 74 75
2048 50 50 10 60 0 60 15 75 76
2048 50 50 9 59 0 60 15 75 76
2048 49 49 10 60 0 60 15 76 76
2048 49 49 9 59 0 59 15 74 75
2048 49 49 9 58 0 59 15 74 74
2048 49 49 9 59 0 60 15 75 75
2048 50 50 9 59 0 59 15 75 75
2048 49 49 9 59 0 59 15 75 75
2048 50 50 9 59 0 60 15 75 76
2048 58 58 10 68 0 69 15 84 85
2048 48 48 10 58 0 59 15 74 74
2048 49 49 9 59 0 60 15 75 75
2048 49 49 9 59 0 59 15 75 75
2048 49 49 9 59 0 59 15 74 75
2048 49 49 9 59 0 59 15 74 75
2048 49 49 10 59 0 59 15 75 75
2048 49 49 9 58 0 59 15 74 75
2048 58 58 9 67 0 68 15 83 83
2048 49 49 9 59 0 59 15 74 75
2048 49 49 9 59 0 59 15 74 75
2048 49 49 9 59 0 59 15 75 75
2048 50 50 10 60 0 60 16 77 77
2048 50 50 9 60 0 60 15 75 76
2048 50 50 9 60 0 60 15 76 76
2048 49 49 9 59 0 59 15 75 75
2048 50 50 9 59 0 60 78 138 139
4096 94 94 16 111 0 111 33 145 146
4096 94 94 15 110 0 110 35 145 146
4096 94 94 16 110 0 111 35 146 147
4096 93 93 16 109 0 109 33 143 144
4096 95 95 16 111 0 111 36 148 149
4096 94 94 16 111 0 111 33 145 145
4096 103 103 16 120 0 120 33 154 155
4096 93 93 15 109 0 109 35 144 145
4096 96 96 16 112 0 112 35 147 148
4096 94 94 15 110 0 110 34 144 145
4096 93 93 15 109 0 109 33 143 144
4096 95 95 16 111 0 111 34 146 146
4096 95 95 15 110 0 111 33 145 145
4096 141 141 16 158 0 158 33 192 192
4096 93 93 15 109 0 109 34 144 145
4096 94 94 15 110 0 110 35 146 146
4096 94 94 15 110 0 110 33 144 145
4096 94 94 16 110 0 110 34 145 145
4096 95 95 16 111 0 111 34 146 146
4096 95 95 16 111 0 111 35 146 147
4096 95 95 16 111 0 112 34 146 147
4096 94 94 16 110 0 111 34 145 145
4096 94 94 16 111 0 111 35 146 147
4096 94 94 15 110 0 110 33 144 144
4096 94 94 16 110 0 111 37 148 149
4096 94 94 16 111 0 111 34 145 146
4096 96 96 18 114 0 114 34 148 149
4096 95 95 16 111 0 111 33 145 146
4096 94 94 15 110 0 111 34 145 145
4096 95 95 15 111 0 111 34 146 146
4096 95 95 16 111 0 111 34 146 146
4096 94 94 15 110 0 111 33 145 145
8192 186 186 29 216 0 216 76 293 294
8192 185 185 29 215 0 215 76 292 292
8192 186 186 30 216 0 216 77 294 294
8192 183 183 29 213 0 213 77 291 291
8192 184 184 30 215 0 215 76 292 292
8192 184 184 30 215 0 215 76 292 293
8192 184 184 29 213 0 214 76 290 291
8192 200 200 30 231 0 231 77 309 309
8192 184 184 29 213 0 214 77 291 291
8192 184 184 29 214 0 214 76 290 291
8192 185 185 29 214 0 214 76 291 291
8192 186 186 29 215 0 216 77 293 294
8192 185 185 30 216 0 216 78 294 295
8192 185 185 30 215 0 216 75 291 292
8192 183 183 29 213 0 213 77 291 292
8192 185 185 29 215 0 215 76 292 292
8192 185 185 29 215 0 215 76 291 292
8192 183 183 29 213 0 213 76 289 290
8192 186 186 28 215 0 215 89 305 306
8192 184 184 29 214 0 214 76 291 292
8192 184 184 29 213 0 214 76 290 291
8192 184 184 29 213 0 214 76 290 291
8192 184 184 29 214 0 214 79 294 294
8192 184 184 30 215 0 215 76 292 292
8192 185 185 29 215 0 215 76 291 292
8192 185 185 29 214 0 214 77 292 293
8192 186 186 31 217 0 218 77 295 296
8192 185 185 29 215 0 216 76 292 293
8192 183 183 29 212 0 213 76 289 290
8192 186 186 29 215 0 216 77 293 294
8192 185 185 29 215 0 215 76 291 292
8192 185 185 30 216 0 216 77 294 294
16384 366 366 56 422 0 422 221 644 666
16384 366 366 54 421 0 422 222 644 664
16384 369 369 57 427 0 427 230 657 678
16384 370 370 58 428 0 429 227 656 675
16384 365 365 55 421 0 421 230 652 671
16384 370 370 56 426 0 427 238 665 711
16384 368 368 55 424 0 425 226 651 671
16384 369 369 56 425 0 426 222 648 669
16384 369 369 56 425 0 426 221 647 667
16384 377 377 56 433 0 434 223 657 676
16384 369 369 55 425 0 426 223 649 668
16384 368 368 57 425 0 425 227 652 670
16384 368 368 56 424 0 425 219 644 664
16384 369 369 55 425 0 425 220 646 665
16384 366 366 54 421 0 422 223 646 665
16384 369 369 55 424 0 425 222 647 666
16384 369 369 55 425 0 425 271 697 718
16384 366 366 56 423 0 423 227 651 670
16384 368 368 54 423 0 424 224 648 665
16384 369 369 56 425 0 426 222 648 668
16384 378 378 55 433 0 434 220 655 674
16384 369 369 55 424 0 425 225 650 671
16384 369 369 56 425 0 425 222 648 668
16384 368 368 56 424 0 424 221 646 665
16384 368 368 56 424 0 425 226 652 670
16384 365 365 55 421 0 421 220 642 660
16384 367 367 55 423 0 423 221 645 665
16384 369 369 57 426 0 426 231 658 712
16384 368 368 55 423 0 424 219 643 662
16384 368 368 56 425 0 425 221 646 666
16384 364 364 57 422 0 422 223 645 664
16384 375 375 56 432 0 432 223 656 676
32768 721 721 108 829 0 830 517 1348 1382
32768 728 728 109 837 0 838 535 1374 1407
32768 718 718 106 824 0 824 517 1342 1373
32768 724 724 108 832 0 832 512 1345 1376
32768 724 724 108 832 0 833 519 1352 1383
32768 724 724 108 832 0 833 519 1352 1386
32768 725 725 109 834 0 835 518 1353 1387
32768 721 721 108 830 0 830 512 1342 1374
32768 734 734 111 845 0 845 522 1368 1400
32768 723 723 108 832 0 832 516 1349 1381
32768 729 729 109 839 0 840 514 1354 1387
32768 727 727 107 835 0 836 533 1369 1400
32768 729 729 109 839 0 839 530 1370 1406
32768 727 727 110 838 0 838 522 1360 1392
32768 726 726 108 835 0 835 545 1380 1414
32768 724 724 108 832 0 833 528 1361 1389
32768 730 730 110 840 0 841 519 1360 1390
32768 722 722 111 833 0 834 514 1348 1380
32768 720 720 107 827 0 828 518 1346 1378
32768 764 764 109 874 0 875 522 1397 1427
32768 721 721 107 828 0 829 521 1350 1381
32768 738 738 109 847 0 848 517 1365 1397
32768 721 721 109 831 0 831 515 1347 1378
32768 722 722 106 829 0 829 537 1366 1402
32768 727 727 110 837 0 837 524 1362 1391
32768 724 724 107 831 0 832 542 1374 1407
32768 721 721 108 829 0 829 515 1345 1377
32768 728 728 108 837 0 837 513 1351 1383
32768 728 728 109 838 0 838 523 1362 1393
32768 725 725 109 835 0 835 515 1351 1381
32768 741 741 112 853 0 853 521 1375 1410
32768 724 724 107 832 0 833 531 1364 1391
65536 1439 1439 211 1651 0 1652 1348 3000 3040
65536 1439 1439 214 1654 0 1654 1334 2989 3033
65536 1432 1432 214 1647 0 1648 1395 3044 3090
65536 1423 1423 212 1635 0 1636 1370 3006 3105
65536 1433 1433 211 1645 0 1646 1364 3010 3054
65536 1428 1428 211 1639 0 1640 1351 2992 3031
65536 1439 1439 210 1649 0 1650 1354 3005 3045
65536 1449 1449 214 1664 0 1664 1349 3014 3056
65536 1446 1446 212 1658 0 1659 1331 2990 3034
65536 1438 1438 213 1651 0 1652 1331 2984 3029
65536 1442 1442 215 1657 0 1658 1362 3021 3064
65536 1426 1426 209 1635 0 1636 1363 2999 3042
65536 1429 1429 211 1641 0 1641 1354 2995 3040
65536 1431 1431 212 1643 0 1644 1346 2990 3034
65536 1433 1433 213 1646 0 1647 1336 2983 3025
65536 1448 1448 218 1666 0 1667 1348 3015 3056
65536 1440 1440 215 1655 0 1656 1321 2978 3016
65536 1439 1439 211 1651 0 1651 1374 3025 3062
65536 1430 1430 211 1641 0 1642 1368 3010 3052
65536 1437 1437 213 1651 0 1652 1391 3044 3089
65536 1428 1428 211 1640 0 1640 1344 2985 3029
65536 1424 1424 211 1636 0 1636 1327 2963 3003
65536 1438 1438 212 1650 0 1651 1338 2989 3029
65536 1432 1432 211 1644 0 1645 1321 2966 3006
65536 1441 1441 211 1653 0 1653 1350 3003 3045
65536 1421 1421 211 1632 0 1633 1326 2960 3002
65536 1434 1434 212 1646 0 1647 1369 3016 3059
65536 1436 1436 213 1649 0 1650 1371 3021 3064
65536 1436 1436 212 1649 0 1650 1334 2985 3025
65536 1441 1441 213 1654 0 1655 1318 2974 3011
65536 1439 1439 213 1653 0 1653 1327 2981 3022
65536 1435 1435 213 1648 0 1649 1330 2979 3022
131072 2859 2859 409 3268 0 3269 3210 6479 6529
131072 2846 2846 410 3257 0 3258 3232 6490 6545
131072 2865 2865 425 3291 0 3292 3252 6544 6599
131072 2862 2862 418 3280 0 3281 3200 6482 6539
131072 2849 2849 406 3256 0 3257 3197 6455 6510
131072 2850 2850 402 3253 0 3253 3166 6420 6473
131072 2833 2833 410 3243 0 3244 3043 6288 6340
131072 2873 2873 415 3288 0 3289 3188 6477 6529
131072 2866 2866 412 3279 0 3280 3224 6504 6556
131072 2846 2846 425 3271 0 3272 3239 6512 6562
131072 2850 2850 412 3263 0 3264 3195 6460 6510
131072 2853 2853 409 3262 0 3263 3201 6465 6519
131072 2859 2859 409 3269 0 3270 3210 6480 6536
131072 2845 2845 406 3252 0 3253 3054 6308 6361
131072 2876 2876 417 3294 0 3294 3094 6388 6439
131072 2857 2857 417 3274 0 3275 3091 6367 6419
131072 2842 2842 427 3270 0 3271 3121 6392 6447
131072 2844 2844 412 3257 0 3257 3061 6319 6368
131072 2867 2867 418 3285 0 3286 3107 6394 6437
131072 2849 2849 412 3262 0 3263 3050 6314 6410
131072 2838 2838 418 3256 0 3257 3076 6334 6391
131072 2853 2853 409 3263 0 3264 3213 6477 6530
131072 2876 2876 418 3295 0 3296 3093 6389 6440
131072 2848 2848 432 3281 0 3282 3061 6344 6393
131072 2863 2863 406 3269 0 3270 3027 6298 6349
131072 2869 2869 407 3276 1 3278 3009 6287 6339
131072 2861 2861 413 3274 0 3275 3000 6275 6323
131072 2837 2837 409 3246 0 3247 3047 6294 6346
131072 2858 2858 411 3270 0 3271 3088 6360 6409
131072 2861 2861 408 3270 0 3270 3077 6348 6403
131072 2856 2856 408 3264 0 3265 3048 6313 6364
131072 2852 2852 409 3262 0 3263 3060 6324 6374
262144 5678 5678 820 6499 1 6500 7302 13802 13876
262144 5696 5696 816 6513 0 6514 7297 13811 13882
262144 5685 5685 823 6508 1 6509 6930 13440 13504
262144 5705 5705 820 6526 0 6527 7234 13761 13830
262144 5696 5696 820 6517 0 6518 7157 13675 13749
262144 5675 5675 812 6487 0 6488 7070 13559 13632
262144 5683 5683 813 6496 0 6497 7031 13528 13596
262144 5700 5700 815 6515 0 6516 7000 13517 13584
262144 5680 5680 793 6474 0 6474 6846 13321 13385
262144 5688 5688 789 6478 0 6478 6733 13212 13276
262144 5663 5663 793 6457 0 6457 6708 13166 13236
262144 5713 5713 818 6531 0 6532 6789 13322 13385
262144 5688 5688 817 6506 0 6507 6724 13231 13297
262144 5701 5701 821 6523 0 6524 6748 13272 13335
262144 5674 5674 812 6487 0 6488 6587 13076 13138
262144 5688 5688 805 6494 0 6495 6689 13184 13244
262144 5650 5650 790 6441 0 6442 6606 13048 13107
262144 5703 5703 795 6499 0 6500 6610 13110 13172
262144 5667 5667 799 6467 0 6467 6561 13029 13093
262144 5667 5667 811 6478 0 6478 6513 12992 13055
262144 5675 5675 791 6466 0 6467 6523 12990 13048
262144 5666 5666 792 6458 0 6459 6490 12949 13009
262144 5661 5661 798 6460 0 6461 6519 12981 13035
262144 5653 5653 778 6431 0 6432 6418 12850 12909
262144 5641 5641 777 6419 0 6420 6459 12879 12935
262144 5670 5670 801 6472 0 6473 6477 12951 13008
262144 5685 5685 791 6476 0 6477 6496 12974 13032
262144 5634 5634 775 6410 0 6411 6461 12872 12925
262144 5642 5642 788 6430 0 6431 6412 12844 12905
262144 5674 5674 783 6457 0 6458 6442 12901 12956
262144 5634 5634 777 6411 0 6412 6447 12859 12914
262144 5656 5656 782 6439 0 6439 6449 12889 12945
524288 11243 11243 1547 12790 0 12791 14294 27085 27164
524288 11260 11260 1542 12802 0 12803 14242 27046 27128
524288 11353 11353 1572 12926 0 12927 14372 27299 27363
524288 11317 11317 1560 12878 0 12878 14393 27271 27360
524288 11284 11284 1535 12819 0 12820 14347 27168 27247
524288 11275 11275 1524 12800 0 12800 14223 27024 27103
524288 11243 11243 1518 12761 0 12762 14109 26871 26948
524288 11273 11273 1544 12817 0 12818 14155 26973 27052
524288 11335 11335 1560 12895 0 12896 14421 27318 27395
524288 11292 11292 1543 12835 0 12836 14283 27120 27197
524288 11266 11266 1549 12816 0 12817 14053 26870 26946
524288 11267 11267 1532 12799 0 12800 14110 26910 26990
524288 11251 11251 1521 12773 0 12774 14135 26910 26984
524288 11283 11283 1543 12826 0 12827 14326 27154 27234
524288 11353 11353 1546 12900 0 12900 14251 27151 27225
524288 11254 11254 1528 12783 0 12783 14108 26892 26970
524288 11307 11307 1546 12854 0 12855 14457 27312 27383
524288 11236 11236 1526 12762 0 12763 14111 26874 26993
524288 11281 11281 1535 12816 0 12817 14114 26931 27010
524288 11287 11287 1530 12817 0 12818 14325 27144 27224
524288 11240 11240 1550 12791 0 12792 14066 26858 26935
524288 11282 11282 1533 12815 0 12816 14167 26983 27060
524288 11260 11260 1523 12784 0 12785 14137 26922 27001
524288 11282 11282 1529 12811 0 12812 14181 26993 27069
524288 11250 11250 1527 12778 0 12778 14084 26863 26942
524288 11355 11355 1567 12923 0 12924 14387 27311 27388
524288 11252 11252 1529 12781 0 12782 14134 26917 26994
524288 11293 11293 1533 12827 0 12827 14282 27109 27188
524288 11236 11236 1520 12757 0 12757 14166 26924 27000
524288 11292 11292 1525 12818 0 12819 14253 27072 27151
524288 11275 11275 1538 12814 0 12815 14286 27102 27181
524288 11228 11228 1529 12757 0 12758 14077 26836 26911
1048576 22551 22551 3088 25639 0 25640 31257 56898 57033
1048576 22492 22492 3091 25584 0 25585 31138 56724 56854
1048576 22569 22569 3068 25638 0 25639 31372 57011 57141
1048576 22468 22468 3053 25521 0 25522 31914 57437 57565
1048576 22574 22574 3074 25648 0 25649 31341 56991 57120
1048576 22516 22516 3060 25577 0 25578 31617 57196 57319
1048576 22590 22590 3061 25651 0 25652 31289 56942 57068
1048576 22497 22497 3055 25553 0 25554 31407 56961 57084
1048576 22553 22553 3101 25654 0 25655 30894 56549 56690
1048576 22533 22533 3092 25625 0 25626 30829 56456 56587
1048576 22677 22677 3169 25846 1 25847 31138 56985 57117
1048576 22736 22736 3155 25892 0 25893 31207 57101 57229
1048576 22689 22689 3141 25830 0 25831 31163 56995 57123
1048576 22605 22605 3078 25684 0 25684 31200 56885 57015
1048576 22480 22480 3051 25531 0 25532 31446 56978 57106
1048576 22564 22564 3072 25636 0 25636 31408 57045 57172
1048576 22485 22485 3049 25534 0 25535 31581 57116 57242
1048576 22656 22656 3112 25768 0 25769 31364 57134 57264
1048576 22525 22525 3078 25604 0 25604 31467 57072 57197
1048576 22722 22722 3161 25884 0 25885 31377 57262 57394
1048576 22533 22533 3083 25617 0 25618 31760 57378 57509
1048576 22627 22627 3069 25697 0 25698 31410 57108 57234
1048576 22484 22484 3054 25539 0 25540 31348 56888 57013
1048576 22665 22665 3140 25805 0 25806 31731 57537 57665
1048576 22469 22469 3042 25511 0 25512 31439 56951 57074
1048576 22578 22578 3066 25644 0 25645 31564 57210 57339
1048576 22470 22470 3059 25530 0 25531 31376 56907 57032
1048576 22565 22565 3079 25644 0 25645 31279 56925 57051
1048576 22466 22466 3053 25519 0 25520 31638 57158 57280
1048576 22583 22583 3054 25638 0 25639 31290 56930 57064
1048576 22483 22483 3050 25533 0 25534 31314 56849 56975
1048576 22562 22562 3072 25634 0 25635 31381 57016 57147
2097152 44919 44919 6207 51126 0 51127 69785 120913 121174
2097152 45450 45450 6358 51808 0 51809 69975 121785 122048
2097152 45304 45304 6239 51544 1 51545 70866 122411 122688
2097152 45551 45551 6294 51845 1 51846 69974 121821 122084
2097152 45351 45351 6354 51705 1 51707 70289 121996 122269
2097152 45533 45533 6363 51896 0 51897 70509 122407 122674
2097152 45412 45412 6281 51694 1 51695 70009 121704 121967
2097152 45536 45536 6390 51927 0 51928 69940 121869 122135
2097152 45359 45359 6351 51710 1 51712 70098 121810 122071
2097152 45542 45542 6349 51891 1 51892 70317 122209 122479
2097152 45373 45373 6394 51767 0 51768 70006 121775 122042
2097152 45568 45568 6351 51919 0 51920 71296 123217 123495
2097152 45392 45392 6313 51705 0 51706 70169 121876 122154
2097152 45588 45588 6350 51938 0 51939 70431 122370 122654
2097152 45401 45401 6330 51731 1 51732 69928 121660 121924
2097152 45526 45526 6387 51914 1 51915 70366 122282 122564
2097152 45406 45406 6333 51739 0 51740 70593 122334 122622
2097152 45605 45605 6387 51992 0 51993 70357 122350 122618
2097152 45380 45380 6347 51728 0 51728 69927 121656 121927
2097152 45572 45572 6362 51934 0 51935 70647 122582 122855
2097152 45431 45431 6314 51746 0 51747 70522 122270 122532
2097152 45540 45540 6366 51906 0 51907 70017 121925 122197
2097152 45370 45370 6340 51710 0 51711 70511 122223 122481
2097152 45535 45535 6369 51904 0 51905 71304 123209 123478
2097152 45418 45418 6313 51731 0 51732 69993 121725 121986
2097152 45535 45535 6372 51907 0 51908 70368 122276 122543
2097152 45380 45380 6314 51694 0 51695 69952 121648 121905
2097152 45563 45563 6369 51932 0 51933 70371 122305 122568
2097152 45371 45371 6316 51688 0 51689 70123 121812 122075
2097152 45545 45545 6394 51939 0 51940 70134 122074 122337
2097152 45358 45358 6295 51654 0 51655 70177 121832 122111
2097152 45511 45511 6379 51890 0 51891 70547 122439 122723
4194304 90749 90749 12899 103648 0 103649 190027 293677 294392
4194304 91116 91116 12836 103953 1 103954 189573 293527 294228
4194304 90953 90953 12845 103798 1 103799 191378 295177 295901
4194304 91306 91306 12888 104194 0 104195 190342 294538 295268
4194304 91028 91028 12847 103876 1 103877 189863 293741 294479
4194304 91399 91399 13093 104492 0 104493 192808 297302 298045
4194304 91080 91080 12783 103864 1 103865 189541 293407 294127
4194304 90697 90697 12755 103452 0 103453 189192 292646 293370
4194304 91364 91364 13020 104384 0 104385 190296 294682 295446
4194304 91074 91074 12841 103915 0 103916 190132 294049 294806
4194304 91438 91438 12969 104407 1 104409 191491 295900 296672
4194304 91094 91094 12913 104008 1 104009 189811 293821 294570
4194304 91396 91396 12972 104368 0 104369 190626 294995 295758
4194304 91059 91059 12940 103999 0 104000 191985 295986 296749
4194304 91461 91461 12959 104421 1 104423 190010 294433 295203
4194304 91072 91072 12905 103978 0 103979 189762 293741 294490
4194304 91421 91421 12958 104379 1 104380 189495 293876 294650
4194304 91102 91102 12942 104044 1 104046 190034 294080 294848
4194304 91440 91440 12964 104404 1 104405 190988 295393 296163
4194304 91053 91053 12937 103990 0 103991 190305 294297 295051
4194304 91494 91494 13109 104604 1 104605 191554 296159 296919
4194304 91050 91050 12792 103843 1 103844 190874 294719 295483
4194304 91458 91458 13005 104464 0 104465 190769 295235 296006
4194304 91073 91073 12925 103998 1 103999 189708 293708 294462
4194304 91444 91444 13022 104466 1 104467 192314 296782 297582
4194304 91076 91076 12962 104039 0 104040 190444 294484 295263
4194304 91499 91499 12940 104439 0 104440 190534 294975 295770
4194304 91123 91123 13012 104136 1 104137 190354 294491 295273
4194304 91463 91463 12980 104444 1 104445 190363 294809 295616
4194304 91067 91067 12946 104014 1 104015 191022 295038 295805
4194304 91492 91492 12980 104473 1 104474 189976 294450 295212
4194304 91095 91095 12911 104006 1 104007 190218 294226 295010
8388608 182817 182817 26415 209233 1 209234 498116 707350 709014
8388608 182155 182155 25855 208010 1 208012 500811 708823 710469
8388608 182834 182834 26028 208863 1 208864 496435 705300 707063
8388608 182080 182080 25917 207997 1 207998 493503 701502 703085
8388608 182875 182875 26009 208884 1 208886 490556 699442 701128
8388608 182142 182142 25845 207988 1 207989 490951 698941 700596
8388608 182860 182860 25980 208840 1 208841 490464 699306 700997
8388608 182050 182050 25871 207921 1 207923 496597 704521 706143
8388608 182855 182855 26000 208855 1 208857 495935 704793 706431
8388608 182111 182111 25815 207926 1 207928 490145 698073 699704
8388608 182918 182918 26001 208920 1 208922 490782 699705 701391
8388608 181967 181967 25849 207816 1 207817 496668 704486 706091
8388608 182877 182877 26023 208900 1 208902 495032 703934 705602
8388608 182057 182057 25874 207931 1 207932 490715 698647 700275
8388608 182823 182823 26043 208867 1 208868 489739 698608 700240
8388608 182021 182021 25870 207892 1 207894 494836 702730 704369
8388608 182711 182711 25995 208706 1 208708 491505 700213 701861
8388608 182073 182073 25895 207969 1 207970 489812 697783 699414
8388608 182789 182789 26052 208842 1 208843 489445 698289 699923
8388608 182024 182024 25858 207883 1 207884 493164 701049 702670
8388608 182737 182737 26075 208812 1 208814 489861 698675 700334
8388608 181972 181972 25851 207823 1 207825 490841 698666 700324
8388608 182850 182850 25998 208849 1 208850 490271 699121 700774
8388608 182045 182045 25834 207879 1 207881 493406 701288 702906
8388608 182586 182586 25994 208580 1 208582 491134 699717 701361
8388608 182150 182150 25932 208082 1 208084 490726 698810 700423
8388608 182781 182781 25946 208727 1 208729 492473 701202 702847
8388608 182094 182094 25876 207970 1 207972 493955 701927 703540
8388608 182799 182799 25995 208794 1 208795 490413 699209 701044
8388608 181812 181812 25905 207717 2 207719 491416 699135 700789
8388608 182803 182803 26035 208839 1 208840 491248 700089 701774
8388608 182078 182078 25925 208003 1 208004 494853 702858 704500
16777216 365613 365613 51531 417145 1 417147 1108487 1525635 1528624
16777216 364928 364928 51525 416453 1 416455 1111451 1527906 1530917
16777216 366286 366286 52002 418289 1 418291 1113510 1531801 1534873
16777216 365120 365120 51496 416617 1 416618 1110792 1527411 1530411
16777216 366183 366183 51885 418069 1 418071 1109603 1527674 1530725
16777216 364457 364457 51604 416061 1 416063 1118881 1534944 1537930
16777216 365810 365810 51765 417575 1 417577 1111981 1529558 1532595
16777216 364686 364686 51617 416303 1 416305 1106615 1522920 1525866
16777216 366160 366160 51708 417868 1 417870 1109292 1527162 1530165
16777216 364681 364681 51606 416287 1 416289 1109879 1526168 1529128
16777216 366204 366204 51802 418006 1 418008 1109789 1527798 1530802
16777216 364670 364670 51465 416135 1 416137 1107416 1523553 1526554
16777216 366031 366031 51758 417789 2 417792 1108140 1525932 1528933
16777216 364633 364633 51725 416359 1 416361 1107297 1523658 1526614
16777216 366040 366040 51866 417907 1 417909 1112171 1530080 1533132
16777216 364781 364781 51459 416241 1 416242 1110857 1527100 1530091
16777216 364142 364142 51469 415611 1 415613 1099048 1514661 1517611
16777216 366072 366072 51798 417870 1 417872 1106943 1524815 1527836
16777216 364542 364542 50966 415509 1 415510 1108783 1524293 1527324
16777216 366154 366154 51837 417991 1 417993 1107474 1525467 1528476
16777216 364589 364589 51438 416027 1 416028 1104628 1520656 1523607
16777216 364317 364317 51395 415712 1 415714 1108204 1523918 1526883
16777216 366221 366221 51843 418065 1 418067 1108644 1526711 1529802
16777216 364684 364684 51536 416221 1 416223 1116782 1533005 1535986
16777216 366124 366124 51758 417882 1 417884 1111859 1529743 1532733
16777216 364515 364515 51452 415968 1 415970 1117542 1533513 1536528
16777216 366250 366250 51779 418030 1 418031 1105543 1523575 1526620
16777216 364750 364750 51512 416262 1 416263 1117428 1533692 1536658
16777216 365790 365790 51775 417565 1 417567 1117379 1534947 1537970
16777216 364477 364477 51458 415936 2 415938 1114190 1530129 1533106
16777216 366110 366110 51878 417988 1 417990 1106467 1524458 1527462
16777216 364643 364643 51441 416084 2 416086 1108405 1524492 1527489
33554432 730337 730337 102349 832687 2 832689 2459680 3292370 3298221
33554432 728375 728375 102039 830415 1 830416 2466113 3296530 3302379
33554432 731754 731754 102398 834152 2 834154 2474026 3308181 3314106
33554432 728485 728485 101928 830414 1 830416 2459796 3290212 3295950
33554432 731516 731516 102648 834165 1 834167 2470756 3304923 3310807
33554432 728498 728498 101969 830468 2 830470 2471979 3302450 3308184
33554432 727993 727993 101857 829851 1 829852 2464010 3293862 3299667
33554432 731832 731832 101696 833529 1 833530 2464412 3297943 3303831
33554432 728538 728538 101931 830470 1 830472 2459389 3289861 3295650
33554432 731380 731380 102437 833817 1 833819 2467951 3301771 3307652
33554432 728402 728402 101220 829623 1 829625 2476344 3305970 3311747
33554432 731629 731629 102162 833791 1 833793 2469941 3303735 3309569
33554432 728752 728752 101906 830659 2 830661 2481678 3312339 3318146
33554432 731493 731493 102287 833780 2 833783 2467801 3301584 3307409
33554432 729159 729159 101957 831116 1 831118 2482621 3313740 3319486
33554432 729303 729303 101531 830835 2 830837 2493090 3323927 3329924
33554432 728921 728921 102165 831087 1 831089 2468835 3299925 3305808
33554432 729283 729283 102049 831332 1 831334 2467916 3299251 3305290
33554432 728795 728795 101766 830561 1 830563 2475598 3306162 3312035
33554432 729369 729369 101979 831348 2 831350 2462775 3294125 3300084
33554432 729486 729486 101872 831359 2 831361 2484296 3315657 3321523
33554432 732284 732284 102329 834613 2 834616 2457860 3292477 3298400
33554432 729203 729203 101829 831032 1 831034 2464623 3295657 3301540
33554432 732229 732229 102454 834684 2 834686 2467112 3301799 3307819
33554432 729471 729471 101913 831384 1 831386 2476696 3308082 3313933
33554432 732313 732313 102521 834834 1 834836 2468481 3303317 3309208
33554432 729248 729248 101985 831233 1 831235 2492365 3323601 3329557
33554432 731969 731969 102448 834417 1 834419 2488878 3323297 3329294
33554432 729268 729268 101914 831182 1 831184 2463990 3295175 3301031
33554432 732053 732053 102597 834650 1 834652 2475282 3309935 3315888
33554432 729541 729541 101920 831462 1 831463 2472087 3303551 3309395
33554432 732059 732059 102494 834554 2 834556 2477592 3312148 3318100
