8 32
8 64
8 32
8 64
8 32
8 32
8 63
8 32
16 64
16 64
16 64
16 96
16 64
16 64
16 64
16 64
32 128
32 128
32 128
32 96
32 128
32 128
32 96
32 128
64 224
64 223
64 224
64 224
64 224
64 256
64 256
64 224
128 512
128 512
128 512
128 480
128 512
128 512
128 512
128 512
256 1152
256 1120
256 1120
256 1120
256 1120
256 1152
256 1120
256 1120
512 2528
512 2528
512 2528
512 2528
512 2527
512 2528
512 2528
512 2527
1024 5600
1024 5600
1024 5600
1024 5600
1024 5600
1024 5600
1024 5600
1024 5599
2048 12447
2048 12447
2048 12447
2048 12447
2048 12447
2048 12416
2048 12447
2048 12416
4096 27551
4096 27519
4096 27551
4096 27487
4096 27519
4096 27551
4096 27487
4096 27551
8192 61054
8192 61374
8192 61053
8192 61214
8192 61118
8192 61342
8192 61150
8192 61086
16384 152186
16384 155674
16384 157851
16384 151322
16384 152698
16384 157498
16384 156955
16384 151515
32768 352243
32768 355987
32768 355283
32768 356563
32768 361811
32768 353396
32768 355188
32768 354580
65536 799300
65536 813891
65536 798788
65536 811492
65536 801124
65536 802532
65536 802979
65536 797732
131072 1.7897e+06
131072 1.836e+06
131072 1.77773e+06
131072 1.80176e+06
131072 1.8008e+06
131072 1.79965e+06
131072 1.796e+06
131072 1.82006e+06
262144 3.99192e+06
262144 3.96645e+06
262144 3.9709e+06
262144 3.92358e+06
262144 3.93231e+06
262144 3.97096e+06
262144 3.93359e+06
262144 3.95669e+06
524288 8.80024e+06
524288 8.70158e+06
524288 8.76049e+06
524288 8.69554e+06
524288 8.66194e+06
524288 8.69854e+06
524288 8.67592e+06
524288 8.77796e+06
1048576 1.96579e+07
1048576 1.97414e+07
1048576 1.96014e+07
1048576 1.95589e+07
1048576 1.9732e+07
1048576 1.97207e+07
1048576 1.96856e+07
1048576 1.97424e+07
2097152 4.61866e+07
2097152 4.63817e+07
2097152 4.62998e+07
2097152 4.63856e+07
2097152 4.68101e+07
2097152 4.62482e+07
2097152 4.68563e+07
2097152 4.62757e+07
