8 96
8 96
8 96
8 95
16 192
16 192
16 223
16 192
32 479
32 480
32 479
32 479
64 1088
64 1088
64 1119
64 1087
128 2527
128 2527
128 2527
128 2527
256 5727
256 5727
256 5695
256 5727
512 12831
512 12831
512 12831
512 12831
1024 28447
1024 28447
1024 28447
1024 28447
2048 62590
2048 62653
2048 62654
2048 62653
4096 136603
4096 136635
4096 136539
4096 136603
8192 296022
8192 296054
8192 296118
8192 296054
16384 638379
16384 638250
16384 638762
16384 638058
32768 1.37291e+06
32768 1.37646e+06
32768 1.37294e+06
32768 1.37362e+06
65536 2.93926e+06
65536 2.94892e+06
65536 2.93299e+06
65536 2.93312e+06
131072 6.24231e+06
131072 6.25406e+06
131072 6.25908e+06
131072 6.27271e+06
262144 1.34104e+07
262144 1.34111e+07
262144 1.33748e+07
262144 1.34147e+07
524288 2.84233e+07
524288 2.86697e+07
524288 2.84615e+07
524288 2.87355e+07
1048576 6.04319e+07
1048576 6.04049e+07
1048576 6.05778e+07
1048576 6.05864e+07
2097152 1.27731e+08
2097152 1.26746e+08
2097152 1.29281e+08
2097152 1.28648e+08
