8 5 5 8 13 0 14 1 15 16
8 4 4 5 9 0 9 1 11 12
8 4 4 5 9 0 9 1 10 10
8 3 3 5 9 0 9 2 12 12
8 3 3 4 8 0 9 2 11 11
8 4 4 5 9 0 9 2 12 12
8 3 3 4 8 0 8 1 10 11
8 3 3 5 8 0 9 1 10 11
8 3 3 5 8 0 9 1 10 10
8 3 3 4 8 0 8 2 11 11
8 3 3 5 9 0 9 1 11 11
8 4 4 5 9 0 10 2 12 13
8 4 4 5 9 0 10 1 11 11
8 3 3 4 8 0 8 2 11 11
8 4 4 5 9 0 9 1 10 11
8 3 3 5 9 0 9 2 12 12
8 3 3 5 8 0 9 1 10 10
8 4 4 5 9 0 9 2 11 12
8 3 3 4 8 0 8 1 10 10
8 3 3 4 7 0 8 1 9 10
8 3 3 4 8 0 8 1 10 11
8 3 3 4 8 0 8 1 10 10
8 3 3 4 8 0 8 1 10 10
8 3 3 5 8 0 9 1 11 11
8 4 4 4 8 0 8 1 10 11
8 3 3 5 9 0 9 1 10 11
8 3 3 4 8 0 8 1 10 10
8 3 3 4 8 0 8 1 10 10
8 3 3 4 8 0 8 1 10 10
8 3 3 4 8 0 8 1 10 11
8 3 3 4 8 0 8 1 10 10
8 3 3 4 7 0 8 1 9 9
16 4 4 4 8 0 9 1 10 10
16 3 3 4 8 0 8 1 10 11
16 4 4 5 9 0 10 1 11 11
16 4 4 4 8 0 9 1 10 11
16 3 3 5 9 0 9 1 11 11
16 4 4 4 9 0 9 1 10 11
16 3 3 4 8 0 8 1 10 10
16 3 3 4 8 0 8 3 12 13
16 4 4 4 9 0 9 1 11 12
16 4 4 5 9 0 9 2 11 12
16 4 4 5 9 0 9 1 11 11
16 4 4 5 9 0 10 1 11 11
16 3 3 4 8 0 8 2 11 11
16 3 3 5 8 0 9 1 10 11
16 4 4 4 9 0 9 2 11 11
16 4 4 5 9 0 10 1 11 12
16 3 3 4 8 0 8 1 9 9
16 4 4 4 8 0 9 1 10 11
16 4 4 4 9 0 9 1 11 11
16 3 3 4 8 0 9 1 10 11
16 4 4 5 9 0 10 1 12 12
16 3 3 5 9 0 9 1 11 12
16 4 4 5 9 0 10 2 12 13
16 4 4 4 8 0 9 1 10 11
16 4 4 4 8 0 9 0 10 10
16 4 4 4 8 0 8 1 10 10
16 4 4 4 8 0 9 1 10 10
16 4 4 4 8 0 9 1 10 10
16 4 4 5 9 0 9 1 11 11
16 4 4 4 9 0 9 1 10 11
16 3 3 4 8 0 8 2 11 11
16 4 4 4 8 0 9 1 10 11
32 4 4 4 9 0 9 1 11 11
32 4 4 4 9 0 10 2 12 13
32 5 5 4 9 0 10 1 11 12
32 4 4 4 9 0 10 2 12 12
32 4 4 5 9 0 10 1 11 12
32 5 5 5 10 0 10 2 13 14
32 4 4 5 9 0 10 1 11 11
32 4 4 5 9 0 10 1 12 12
32 4 4 4 9 0 9 1 11 11
32 4 4 4 9 0 9 2 11 12
32 4 4 4 8 0 8 1 10 10
32 4 4 4 9 0 9 2 12 12
32 4 4 4 9 0 9 1 10 11
32 4 4 4 9 0 9 1 11 11
32 4 4 4 9 0 9 1 11 11
32 4 4 4 9 0 9 1 11 11
32 4 4 5 9 0 9 1 11 11
32 4 4 5 10 0 10 1 12 12
32 4 4 4 8 0 9 1 10 11
32 4 4 4 8 0 8 1 10 11
32 4 4 5 10 0 10 2 13 13
32 4 4 4 9 0 9 1 11 11
32 4 4 4 8 0 8 1 10 11
32 4 4 4 9 0 9 1 11 12
32 4 4 5 9 0 10 1 12 12
32 4 4 5 9 0 10 2 12 13
32 4 4 4 9 0 9 2 12 12
32 4 4 16 21 0 21 1 22 23
32 4 4 4 9 0 9 1 10 11
32 4 4 4 8 0 9 2 11 11
32 4 4 4 8 0 8 1 10 11
32 4 4 4 8 0 9 1 10 11
64 6 6 4 10 0 11 2 13 14
64 5 5 5 10 0 10 1 12 12
64 6 6 5 11 0 11 3 14 15
64 6 6 5 11 0 11 1 13 13
64 5 5 6 12 0 12 1 14 14
64 5 5 4 10 0 10 2 12 13
64 5 5 4 10 0 10 1 12 12
64 6 6 5 11 0 11 1 13 13
64 6 6 5 11 0 11 2 14 14
64 5 5 4 10 0 10 1 12 12
64 5 5 5 10 0 11 1 12 13
64 5 5 5 11 0 11 1 13 13
64 5 5 5 11 0 11 2 14 14
64 6 6 5 11 0 11 2 13 14
64 5 5 5 10 0 10 1 12 13
64 5 5 4 10 0 10 1 12 12
64 6 6 4 11 0 11 2 13 13
64 5 5 4 9 0 10 2 12 12
64 5 5 4 10 0 10 1 12 13
64 5 5 4 10 0 10 1 12 13
64 5 5 5 10 0 11 1 12 13
64 5 5 4 10 0 11 2 13 14
64 5 5 4 10 0 10 1 12 12
64 5 5 5 11 0 11 1 13 13
64 5 5 4 10 0 10 1 12 12
64 5 5 4 10 0 10 1 12 12
64 5 5 4 10 0 10 1 12 12
64 5 5 4 10 0 10 1 12 13
64 5 5 4 10 0 10 1 11 12
64 5 5 4 9 0 10 2 12 12
64 6 6 5 11 0 11 2 13 14
64 5 5 5 10 0 11 2 13 14
128 8 8 5 13 0 13 2 16 16
128 7 7 6 13 0 13 2 16 17
128 6 6 5 12 0 12 2 15 15
128 7 7 4 12 0 12 1 14 15
128 7 7 4 12 0 12 2 14 15
128 7 7 4 12 0 13 2 15 15
128 6 6 4 11 0 11 2 13 14
128 7 7 4 12 0 12 2 15 15
128 7 7 4 12 0 12 3 16 16
128 7 7 4 12 0 12 4 16 17
128 8 8 6 14 0 15 1 17 17
128 7 7 4 11 0 12 2 14 15
128 7 7 4 12 0 12 3 16 16
128 7 7 5 13 0 13 2 16 16
128 7 7 4 12 0 12 1 14 14
128 7 7 4 12 0 12 2 14 15
128 7 7 5 12 0 12 2 15 15
128 7 7 5 12 0 13 2 15 16
128 8 8 5 13 0 14 2 16 16
128 7 7 4 12 0 13 1 15 15
128 7 7 4 12 0 12 2 15 15
128 7 7 4 11 0 12 2 14 14
128 7 7 4 12 0 12 2 14 15
128 7 7 5 13 0 13 2 15 15
128 7 7 5 12 0 13 2 15 15
128 7 7 4 12 0 12 2 14 15
128 7 7 5 12 0 12 2 15 16
128 7 7 4 12 0 12 2 15 15
128 7 7 5 13 0 13 2 16 16
128 7 7 4 12 0 12 1 14 14
128 7 7 4 11 0 12 2 14 15
128 7 7 5 12 0 12 2 14 15
256 11 11 5 16 0 17 3 20 20
256 10 10 5 16 0 16 3 20 20
256 9 9 5 15 0 15 3 18 19
256 10 10 5 15 0 16 2 18 19
256 11 11 6 17 0 17 3 20 21
256 10 10 6 17 0 17 3 21 21
256 10 10 5 15 0 15 2 18 19
256 10 10 4 15 0 15 2 18 18
256 9 9 4 14 0 14 3 18 18
256 11 11 5 16 0 16 2 19 20
256 10 10 6 16 0 17 2 19 20
256 10 10 5 16 0 16 3 19 19
256 10 10 6 16 0 17 3 20 21
256 10 10 5 15 0 16 3 20 20
256 10 10 5 16 0 16 2 19 19
256 10 10 5 15 0 15 2 18 19
256 10 10 5 15 0 16 2 19 19
256 9 9 6 16 0 16 2 19 19
256 10 10 5 16 0 16 3 19 20
256 10 10 5 16 0 17 3 20 21
256 10 10 5 16 0 16 3 19 20
256 10 10 4 15 0 16 3 19 20
256 10 10 5 15 0 16 3 19 20
256 10 10 6 17 0 17 2 20 20
256 10 10 4 15 0 15 2 18 19
256 10 10 5 15 0 16 2 18 19
256 10 10 4 14 0 15 3 18 19
256 10 10 5 15 0 16 3 19 20
256 10 10 5 15 0 16 2 18 19
256 9 9 5 15 0 15 2 18 19
256 10 10 4 15 0 15 2 18 18
256 10 10 5 15 0 16 3 19 19
512 15 15 5 21 0 21 4 26 27
512 16 16 5 22 0 22 4 26 27
512 16 16 5 22 0 22 4 26 27
512 16 16 6 22 0 23 4 27 27
512 16 16 6 22 0 23 4 27 27
512 15 15 5 21 0 21 4 26 26
512 15 15 5 20 0 21 4 25 26
512 16 16 6 22 0 23 4 28 28
512 15 15 5 21 0 21 5 27 27
512 15 15 5 21 0 21 4 26 27
512 15 15 5 21 0 22 4 26 26
512 16 16 5 21 0 22 4 26 26
512 16 16 5 22 0 22 4 27 27
512 16 16 5 22 0 22 4 27 27
512 16 16 5 21 0 21 4 26 27
512 16 16 5 22 0 22 4 26 27
512 15 15 5 21 0 21 4 26 26
512 15 15 5 20 0 20 5 25 26
512 14 14 6 20 0 21 4 25 26
512 16 16 5 21 0 22 4 27 27
512 16 16 5 21 0 22 4 27 27
512 16 16 6 22 0 23 5 28 28
512 16 16 5 22 0 22 4 26 27
512 16 16 6 22 0 23 5 28 28
512 16 16 6 22 0 23 4 27 28
512 16 16 6 22 0 22 4 26 27
512 16 16 5 21 0 21 4 26 27
512 15 15 5 21 0 22 4 26 27
512 16 16 5 22 0 22 4 27 27
512 16 16 6 22 0 22 4 26 27
512 16 16 5 22 0 22 4 27 27
512 16 16 5 22 0 22 4 26 27
1024 27 27 6 33 0 34 9 43 44
1024 25 25 7 33 0 33 8 41 42
1024 26 26 6 33 0 34 8 42 43
1024 25 25 7 33 0 33 9 43 44
1024 27 27 7 34 0 34 8 42 43
1024 26 26 8 34 0 34 8 43 43
1024 26 26 7 34 0 34 9 43 44
1024 27 27 7 34 0 34 8 42 43
1024 26 26 7 33 0 34 7 42 42
1024 26 26 7 33 0 33 9 43 43
1024 26 26 8 35 0 35 8 43 44
1024 27 27 8 35 0 35 9 45 45
1024 27 27 7 34 0 34 7 42 43
1024 26 26 7 34 0 34 8 43 43
1024 26 26 7 33 0 34 8 42 43
1024 26 26 6 33 0 34 8 42 42
1024 27 27 7 34 0 34 8 42 43
1024 25 25 7 33 0 33 7 41 41
1024 26 26 7 33 0 34 8 42 43
1024 26 26 7 33 0 34 7 41 42
1024 26 26 7 34 0 34 8 42 43
1024 27 27 7 35 0 35 8 43 44
1024 26 26 7 34 0 34 7 42 42
1024 26 26 7 33 0 34 8 42 42
1024 26 26 7 34 0 34 7 42 43
1024 27 27 7 34 0 35 8 43 44
1024 27 27 8 35 0 35 8 44 44
1024 26 26 7 33 0 33 9 42 43
1024 26 26 6 33 0 34 7 41 42
1024 27 27 7 34 0 34 8 42 43
1024 26 26 8 35 0 35 8 43 44
1024 27 27 7 35 0 35 8 43 44
2048 50 50 9 60 0 60 16 76 77
2048 50 50 9 60 0 60 17 78 78
2048 49 49 10 59 0 59 16 76 76
2048 50 50 10 61 0 61 16 78 78
2048 50 50 10 60 0 60 17 78 78
2048 50 50 10 60 0 60 16 77 77
2048 51 51 10 61 0 61 16 78 78
2048 49 49 9 59 0 59 16 76 76
2048 49 49 9 59 0 59 17 77 78
2048 50 50 9 60 0 60 16 76 77
2048 49 49 9 58 0 59 16 75 76
2048 49 49 10 59 0 59 16 76 77
2048 50 50 10 60 0 60 16 76 77
2048 50 50 10 60 0 60 16 77 77
2048 50 50 10 60 0 60 16 77 77
2048 50 50 9 60 0 60 16 77 78
2048 49 49 9 59 0 59 16 76 76
2048 50 50 10 60 0 61 16 77 78
2048 49 49 10 60 0 60 16 76 77
2048 49 49 10 59 0 60 18 78 78
2048 49 49 10 59 0 59 17 77 77
2048 50 50 10 60 0 60 16 77 78
2048 49 49 9 58 0 59 16 75 76
2048 49 49 9 59 0 59 16 76 77
2048 49 49 9 59 0 59 16 76 77
2048 49 49 9 58 0 59 17 76 76
2048 50 50 9 59 0 60 16 76 77
2048 50 50 9 59 0 60 17 77 78
2048 49 49 9 58 0 59 16 75 76
2048 49 49 9 59 0 59 16 76 77
2048 50 50 10 61 0 61 16 77 78
2048 49 49 10 59 0 59 16 76 76
4096 94 94 16 110 0 110 34 145 145
4096 94 94 16 110 0 111 35 146 146
4096 95 95 16 111 0 111 35 147 147
4096 94 94 16 110 0 110 36 147 147
4096 95 95 16 111 0 112 36 148 149
4096 94 94 16 110 0 111 36 148 148
4096 94 94 16 111 0 111 35 147 147
4096 93 93 16 109 0 110 35 145 146
4096 95 95 16 112 0 112 35 147 148
4096 95 95 16 111 0 112 34 146 147
4096 94 94 16 110 0 111 35 146 147
4096 94 94 16 110 0 110 35 146 147
4096 95 95 16 112 0 112 35 148 149
4096 96 96 16 112 0 112 35 148 148
4096 93 93 15 109 0 110 35 145 146
4096 96 96 16 112 0 113 34 147 148
4096 95 95 16 112 0 112 35 148 148
4096 95 95 16 111 0 112 34 147 147
4096 95 95 15 110 0 111 34 146 146
4096 95 95 16 112 0 112 34 147 147
4096 94 94 16 111 0 111 34 146 147
4096 94 94 16 110 0 110 35 146 146
4096 95 95 16 111 0 111 35 146 147
4096 95 95 17 112 0 113 36 149 150
4096 95 95 16 111 0 111 35 147 148
4096 95 95 16 111 0 111 34 146 146
4096 94 94 16 110 0 110 34 145 145
4096 93 93 15 109 0 109 35 145 146
4096 94 94 16 110 0 111 34 146 146
4096 95 95 16 111 0 111 34 146 147
4096 94 94 16 110 0 111 35 146 147
4096 95 95 16 111 0 111 35 147 147
8192 185 185 29 215 0 215 76 292 293
8192 186 186 29 216 0 217 77 294 294
8192 184 184 28 213 0 213 79 292 293
8192 185 185 29 215 0 216 77 293 293
8192 184 184 29 214 0 215 77 292 293
8192 185 185 29 214 0 215 76 291 292
8192 225 225 30 256 0 256 77 334 335
8192 187 187 29 216 0 217 75 293 293
8192 184 184 29 214 0 214 76 291 291
8192 186 186 29 215 0 216 76 293 293
8192 186 186 29 215 0 215 77 293 294
8192 185 185 29 214 0 215 76 291 292
8192 186 186 29 215 0 215 77 293 293
8192 185 185 30 216 0 216 76 293 293
8192 185 185 29 214 0 215 77 292 293
8192 185 185 29 215 0 216 76 292 293
8192 185 185 29 215 0 215 77 292 293
8192 195 195 30 226 0 227 76 303 304
8192 186 186 29 216 0 217 77 294 295
8192 185 185 29 215 0 215 77 292 293
8192 185 185 29 214 0 214 76 291 291
8192 183 183 29 213 0 213 79 292 293
8192 185 185 30 215 0 216 76 292 293
8192 184 184 29 213 0 213 78 291 292
8192 185 185 30 216 0 217 77 294 295
8192 185 185 28 213 0 214 78 292 292
8192 186 186 29 215 0 215 76 292 292
8192 185 185 29 215 0 215 76 292 292
8192 185 185 29 215 0 215 85 300 301
8192 185 185 29 215 0 216 78 294 295
8192 185 185 29 215 0 215 77 293 294
8192 185 185 29 215 0 215 77 293 294
16384 367 367 55 422 0 422 226 649 670
16384 375 375 54 430 0 430 222 652 672
16384 369 369 57 427 0 428 227 655 675
16384 369 369 54 423 0 424 229 653 672
16384 370 370 54 425 0 425 227 653 671
16384 367 367 56 424 0 424 222 647 667
16384 369 369 57 426 0 426 227 654 673
16384 372 372 57 429 0 430 231 662 682
16384 370 370 55 426 0 426 224 651 669
16384 369 369 56 425 0 426 225 651 670
16384 369 369 56 425 0 426 230 656 678
16384 367 367 55 423 0 423 224 648 666
16384 377 377 55 432 0 433 222 656 673
16384 368 368 55 423 0 424 229 653 672
16384 370 370 55 425 0 425 230 655 674
16384 367 367 56 423 0 423 224 648 667
16384 370 370 55 426 0 426 226 653 672
16384 371 371 56 428 0 428 226 655 680
16384 366 366 55 422 0 422 228 651 671
16384 369 369 55 425 0 425 223 648 712
16384 369 369 55 424 0 424 225 650 668
16384 371 371 54 425 0 426 225 652 671
16384 369 369 55 424 0 425 226 651 672
16384 378 378 56 434 0 435 227 662 683
16384 368 368 55 424 0 424 234 658 678
16384 371 371 55 427 0 427 225 652 672
16384 371 371 56 428 0 428 233 661 681
16384 371 371 55 427 0 427 224 652 672
16384 367 367 54 422 0 422 225 648 668
16384 369 369 55 424 0 425 229 655 676
16384 370 370 56 427 0 427 269 696 716
16384 365 365 54 420 0 421 225 646 663
32768 726 726 110 837 0 837 507 1345 1378
32768 735 735 108 844 0 845 515 1360 1389
32768 726 726 108 835 0 836 512 1349 1381
32768 724 724 110 834 0 834 521 1356 1388
32768 728 728 109 837 0 838 508 1346 1380
32768 725 725 108 834 0 834 526 1361 1405
32768 724 724 109 834 0 835 512 1347 1381
32768 728 728 108 836 0 837 514 1351 1381
32768 727 727 109 836 0 837 512 1349 1383
32768 729 729 108 838 0 839 523 1362 1393
32768 737 737 110 847 0 848 505 1353 1385
32768 727 727 109 836 0 837 518 1355 1385
32768 743 743 110 854 0 854 512 1366 1398
32768 726 726 109 836 0 836 518 1354 1386
32768 732 732 122 855 0 856 515 1371 1404
32768 729 729 111 840 0 841 513 1354 1385
32768 724 724 110 835 0 835 520 1356 1389
32768 725 725 111 836 0 837 507 1345 1377
32768 720 720 109 829 0 830 513 1343 1382
32768 727 727 110 838 0 839 513 1353 1384
32768 730 730 108 839 0 840 519 1359 1392
32768 730 730 112 843 0 843 510 1354 1387
32768 730 730 112 843 0 843 519 1363 1396
32768 736 736 109 846 0 846 511 1358 1387
32768 727 727 108 835 0 836 506 1343 1376
32768 726 726 121 847 0 848 517 1365 1397
32768 723 723 109 833 0 834 518 1353 1385
32768 728 728 107 836 0 836 523 1360 1393
32768 728 728 111 839 0 840 512 1352 1385
32768 722 722 109 832 0 832 507 1339 1369
32768 725 725 110 836 0 836 510 1347 1378
32768 727 727 110 838 0 838 513 1351 1386
65536 1438 1438 211 1650 0 1651 1287 2938 2981
65536 1450 1450 216 1667 0 1667 1317 2984 3027
65536 1440 1440 212 1653 0 1653 1293 2947 2987
65536 1438 1438 212 1651 0 1651 1335 2987 3030
65536 1439 1439 214 1653 0 1654 1328 2982 3026
65536 1440 1440 218 1658 1 1659 1339 2999 3046
65536 1428 1428 213 1642 0 1643 1303 2946 2993
65536 1439 1439 214 1654 0 1654 1324 2979 3021
65536 1445 1445 216 1662 0 1663 1302 2966 3011
65536 1445 1445 217 1662 0 1662 1322 2985 3026
65536 1445 1445 215 1661 0 1662 1322 2984 3030
65536 1436 1436 213 1649 0 1650 1321 2972 3017
65536 1428 1428 211 1639 0 1639 1313 2953 2999
65536 1434 1434 213 1647 0 1648 1297 2945 2987
65536 1437 1437 213 1650 0 1651 1320 2971 3011
65536 1455 1455 217 1672 0 1672 1312 2985 3027
65536 1452 1452 215 1668 0 1668 1318 2987 3030
65536 1448 1448 214 1663 0 1663 1312 2976 3019
65536 1431 1431 217 1648 0 1649 1336 2985 3027
65536 1432 1432 212 1645 0 1646 1300 2946 2991
65536 1432 1432 211 1644 0 1644 1307 2952 3029
65536 1432 1432 215 1648 0 1648 1297 2946 2991
65536 1430 1430 213 1643 0 1644 1287 2931 2972
65536 1443 1443 217 1661 0 1662 1310 2973 3015
65536 1436 1436 211 1647 0 1648 1282 2930 2973
65536 1438 1438 225 1664 0 1664 1331 2996 3037
65536 1438 1438 212 1651 0 1651 1316 2968 3011
65536 1433 1433 212 1645 0 1646 1318 2964 3005
65536 1433 1433 212 1646 0 1647 1305 2953 2992
65536 1433 1433 212 1645 0 1646 1296 2943 2983
65536 1452 1452 216 1668 0 1669 1308 2978 3021
65536 1437 1437 213 1651 0 1651 1311 2963 3008
131072 2875 2875 425 3301 0 3302 3066 6368 6426
131072 2864 2864 411 3276 1 3277 2961 6238 6293
131072 2859 2859 410 3269 0 3270 3003 6274 6327
131072 2864 2864 409 3274 0 3274 2947 6222 6279
131072 2857 2857 414 3271 0 3272 2958 6230 6316
131072 2855 2855 411 3266 0 3267 3005 6272 6325
131072 2869 2869 413 3283 0 3284 3045 6329 6385
131072 2863 2863 415 3278 0 3279 2990 6270 6324
131072 2863 2863 423 3286 0 3287 3006 6294 6344
131072 2879 2879 415 3294 0 3295 2993 6288 6338
131072 2861 2861 411 3272 0 3273 2927 6200 6251
131072 2869 2869 407 3276 0 3277 2982 6259 6310
131072 2856 2856 413 3269 0 3270 2947 6217 6270
131072 2877 2877 416 3293 1 3295 2943 6238 6288
131072 2864 2864 420 3285 0 3285 2958 6244 6295
131072 2860 2860 413 3273 0 3274 2978 6252 6305
131072 2868 2868 412 3280 0 3281 2974 6255 6309
131072 2871 2871 414 3285 0 3286 2939 6225 6278
131072 2854 2854 415 3269 0 3270 2992 6263 6318
131072 2863 2863 412 3275 0 3276 2969 6246 6301
131072 2865 2865 412 3277 1 3278 2962 6240 6296
131072 2851 2851 408 3260 0 3260 2955 6216 6267
131072 2879 2879 416 3296 0 3296 2936 6233 6282
131072 2869 2869 410 3280 0 3281 2943 6224 6277
131072 2851 2851 425 3277 1 3278 2921 6199 6249
131072 2863 2863 409 3273 0 3274 2961 6236 6286
131072 2869 2869 418 3287 0 3288 2982 6270 6326
131072 2841 2841 421 3263 0 3264 2943 6207 6258
131072 2876 2876 411 3288 0 3289 2965 6255 6305
131072 2863 2863 417 3280 0 3281 2962 6243 6298
131072 2871 2871 410 3282 0 3283 2957 6240 6292
131072 2862 2862 411 3273 0 3274 2942 6217 6267
262144 5702 5702 817 6519 1 6520 6765 13286 13358
262144 5708 5708 807 6516 1 6517 6809 13327 13403
262144 5677 5677 818 6495 1 6496 6805 13301 13376
262144 5699 5699 817 6517 0 6518 6825 13343 13408
262144 5709 5709 822 6531 1 6532 6699 13231 13306
262144 5703 5703 811 6515 1 6516 6674 13191 13261
262144 5701 5701 837 6539 1 6540 6643 13183 13257
262144 5698 5698 802 6500 1 6501 6541 13043 13113
262144 5689 5689 797 6487 0 6488 6484 12972 13040
262144 5712 5712 826 6539 1 6540 6736 13276 13349
262144 5699 5699 822 6521 1 6523 6601 13124 13198
262144 5682 5682 831 6514 0 6514 6579 13094 13175
262144 5691 5691 804 6496 0 6497 6514 13011 13080
262144 5702 5702 809 6511 0 6512 6529 13041 13111
262144 5672 5672 802 6474 0 6475 6609 13085 13161
262144 5718 5718 809 6528 0 6529 6715 13244 13314
262144 5714 5714 825 6540 0 6541 6573 13114 13182
262144 5706 5706 806 6512 0 6513 6468 12981 13048
262144 5706 5706 807 6514 0 6514 6466 12981 13048
262144 5724 5724 810 6534 0 6535 6576 13111 13180
262144 5702 5702 808 6510 0 6511 6430 12942 13003
262144 5671 5671 790 6461 0 6462 6418 12880 12944
262144 5704 5704 788 6493 0 6494 6471 12965 13026
262144 5718 5718 816 6535 0 6535 6544 13080 13146
262144 5711 5711 822 6533 0 6534 6440 12975 13038
262144 5700 5700 810 6510 0 6511 6412 12924 12976
262144 5671 5671 787 6458 0 6459 6505 12965 13028
262144 5672 5672 800 6473 0 6474 6504 12978 13042
262144 5661 5661 780 6441 0 6442 6431 12874 12936
262144 5714 5714 804 6519 0 6520 6483 13003 13067
262144 5689 5689 788 6478 0 6479 6428 12907 12968
262144 5695 5695 795 6491 0 6492 6431 12923 12981
524288 11333 11333 1543 12877 0 12878 14215 27093 27179
524288 11307 11307 1562 12870 0 12870 14278 27149 27240
524288 11432 11432 1613 13046 0 13046 14376 27422 27509
524288 11384 11384 1612 12997 0 12998 14552 27550 27672
524288 11342 11342 1549 12892 0 12893 14426 27319 27403
524288 11330 11330 1553 12884 0 12885 14141 27026 27111
524288 11340 11340 1551 12892 0 12893 14278 27171 27253
524288 11316 11316 1534 12850 0 12851 14209 27061 27144
524288 11284 11284 1532 12816 0 12817 14087 26904 26983
524288 11348 11348 1551 12900 0 12900 14295 27196 27279
524288 11303 11303 1539 12842 0 12843 14225 27068 27151
524288 11299 11299 1528 12827 0 12828 14164 26993 27069
524288 11296 11296 1527 12823 0 12824 14016 26840 26925
524288 11322 11322 1547 12869 0 12870 14365 27236 27320
524288 11291 11291 1530 12821 0 12822 14267 27089 27171
524288 11353 11353 1577 12931 1 12932 14511 27443 27535
524288 11340 11340 1546 12886 0 12887 14512 27400 27483
524288 11324 11324 1544 12869 0 12869 14238 27108 27190
524288 11323 11323 1550 12873 0 12874 14215 27089 27165
524288 11305 11305 1534 12839 0 12840 14101 26941 27023
524288 11298 11298 1524 12822 0 12823 14116 26939 27015
524288 11301 11301 1504 12806 0 12807 13976 26783 26864
524288 11299 11299 1521 12821 0 12822 14082 26904 26980
524288 11343 11343 1557 12901 0 12902 14316 27219 27303
524288 11303 11303 1540 12843 0 12844 14035 26879 26960
524288 11286 11286 1538 12825 0 12826 14213 27039 27114
524288 11324 11324 1533 12858 0 12859 14320 27180 27265
524288 11344 11344 1567 12912 0 12912 14439 27351 27439
524288 11305 11305 1534 12839 0 12840 14082 26922 27004
524288 11312 11312 1541 12854 0 12855 14248 27103 27178
524288 11309 11309 1517 12826 0 12827 14074 26901 26982
524288 11297 11297 1529 12827 0 12827 14257 27084 27161
1048576 22700 22700 3133 25833 0 25834 32017 57852 57992
1048576 22480 22480 3061 25541 0 25542 31159 56702 56844
1048576 22733 22733 3142 25876 0 25877 32033 57911 58037
1048576 22490 22490 3007 25497 0 25498 31948 57446 57619
1048576 22840 22840 3138 25978 0 25979 31826 57805 57943
1048576 22534 22534 3035 25570 0 25570 31545 57116 57250
1048576 22746 22746 3117 25863 0 25864 31986 57851 57977
1048576 22471 22471 3041 25513 0 25514 31494 57008 57146
1048576 22603 22603 3078 25681 0 25682 31568 57250 57375
1048576 22407 22407 3019 25427 0 25427 30918 56346 56484
1048576 22644 22644 3101 25746 0 25746 31760 57507 57629
1048576 22450 22450 3021 25472 0 25472 31566 57039 57176
1048576 22611 22611 3062 25673 0 25674 31843 57518 57645
1048576 22394 22394 3041 25436 0 25436 31432 56869 57004
1048576 22603 22603 3065 25668 0 25669 31681 57350 57476
1048576 22398 22398 3021 25420 0 25420 31225 56646 56781
1048576 22619 22619 3051 25671 0 25672 31608 57281 57406
1048576 22384 22384 3020 25404 0 25405 31312 56718 56864
1048576 22599 22599 3059 25659 0 25660 31515 57175 57297
1048576 22416 22416 3016 25433 0 25433 31520 56954 57091
1048576 22635 22635 3064 25700 0 25701 31549 57251 57373
1048576 22406 22406 3018 25424 0 25425 31432 56857 56995
1048576 22595 22595 3066 25662 0 25663 31790 57453 57576
1048576 22896 22896 3204 26101 0 26102 32279 58381 58526
1048576 22569 22569 3102 25672 0 25672 31408 57081 57234
1048576 22761 22761 3137 25898 0 25899 31735 57634 57769
1048576 22475 22475 3064 25540 0 25541 31125 56666 56806
1048576 22607 22607 3088 25696 0 25697 31388 57085 57210
1048576 22417 22417 3031 25449 1 25450 31657 57107 57243
1048576 22845 22845 3193 26038 0 26039 31707 57747 57886
1048576 22494 22494 3048 25543 0 25543 31434 56978 57132
1048576 22773 22773 3178 25951 1 25953 31438 57391 57516
2097152 45503 45503 6335 51838 1 51839 72929 124769 125047
2097152 44964 44964 6259 51223 0 51224 71035 122260 122547
2097152 45685 45685 6426 52112 0 52113 72421 124534 124824
2097152 44914 44914 6177 51091 0 51092 71835 122928 123212
2097152 45589 45589 6287 51877 1 51878 72458 124336 124613
2097152 44913 44913 6280 51193 1 51194 72882 124077 124363
2097152 45607 45607 6370 51978 1 51979 72519 124498 124760
2097152 44994 44994 6250 51244 0 51245 71680 122925 123208
2097152 45606 45606 6404 52011 1 52012 72664 124677 124951
2097152 45092 45092 6381 51474 0 51475 72296 123771 124050
2097152 45606 45606 6386 51992 1 51993 72713 124706 124972
2097152 44863 44863 6253 51117 0 51117 71965 123083 123393
2097152 45661 45661 6357 52018 0 52019 72650 124669 124919
2097152 44931 44931 6244 51175 1 51176 72035 123212 123494
2097152 45595 45595 6355 51951 1 51952 73100 125053 125308
2097152 44862 44862 6237 51099 0 51100 72184 123284 123567
2097152 45593 45593 6391 51985 0 51985 71969 123954 124207
2097152 44920 44920 6248 51169 0 51169 72679 123849 124134
2097152 45612 45612 6377 51989 0 51990 72019 124009 124262
2097152 44940 44940 6240 51180 0 51181 71230 122412 122696
2097152 45583 45583 6374 51958 0 51959 72713 124672 124930
2097152 44979 44979 6267 51247 1 51248 71553 122801 123092
2097152 45592 45592 6350 51942 1 51944 72243 124187 124446
2097152 44934 44934 6250 51185 0 51186 72936 124122 124404
2097152 45582 45582 6356 51939 1 51940 72544 124484 124740
2097152 44884 44884 6251 51135 1 51137 72459 123597 123882
2097152 45602 45602 6391 51994 1 51995 73122 125118 125377
2097152 44981 44981 6265 51247 0 51248 71515 122763 123041
2097152 45591 45591 6384 51976 0 51977 71859 123837 124084
2097152 44891 44891 6261 51152 0 51153 72635 123789 124067
2097152 45587 45587 6346 51933 0 51934 72332 124267 124518
2097152 44914 44914 6257 51171 0 51172 72330 123503 123786
4194304 91121 91121 12757 103879 1 103880 186643 290524 291166
4194304 89662 89662 12578 102241 0 102242 184315 286557 287270
4194304 91406 91406 12805 104212 1 104213 190707 294921 295625
4194304 89746 89746 12654 102400 0 102401 184756 287157 287884
4194304 89354 89354 12624 101978 1 101979 188957 290937 291690
4194304 91519 91519 12892 104411 1 104413 186536 290949 291675
4194304 89814 89814 12649 102464 1 102465 188270 290736 291512
4194304 91461 91461 12874 104336 1 104337 186808 291145 291874
4194304 89897 89897 12883 102781 0 102782 186724 289507 290276
4194304 91501 91501 12921 104423 0 104424 190813 295237 295979
4194304 89829 89829 12744 102574 1 102575 188671 291247 292050
4194304 91512 91512 12877 104390 1 104391 187304 291695 292403
4194304 89877 89877 12740 102618 1 102619 188736 291355 292123
4194304 91330 91330 12880 104210 1 104212 187137 291349 292071
4194304 89871 89871 12738 102609 0 102610 187698 290309 291102
4194304 91541 91541 12915 104456 1 104457 188086 292543 293311
4194304 89913 89913 12749 102662 0 102663 189004 291667 292469
4194304 91523 91523 12905 104429 1 104430 189774 294205 294939
4194304 89922 89922 12739 102662 0 102663 185316 287979 288759
4194304 91532 91532 13067 104599 1 104600 188932 293533 294273
4194304 89918 89918 12759 102678 1 102679 187678 290357 291136
4194304 91566 91566 12934 104501 1 104502 186930 291432 292168
4194304 89985 89985 12768 102754 1 102755 188153 290909 291681
4194304 91539 91539 12940 104479 1 104481 187102 291583 292348
4194304 89912 89912 12770 102683 1 102684 185588 288273 289080
4194304 91594 91594 12925 104520 1 104521 191061 295583 296324
4194304 89902 89902 12773 102675 1 102676 185246 287923 288696
4194304 91552 91552 12918 104470 1 104471 191558 296030 296811
4194304 89898 89898 12781 102679 1 102680 187331 290012 290816
4194304 91533 91533 12938 104472 1 104473 186345 290819 291563
4194304 89891 89891 12775 102666 0 102667 187934 290601 291389
4194304 91543 91543 12932 104476 1 104477 187661 292139 292889
8388608 179508 179508 25998 205506 1 205508 476726 682234 683982
8388608 183101 183101 25897 208998 1 209000 485450 694450 696085
8388608 179718 179718 25671 205390 1 205392 471722 677114 678900
8388608 183162 183162 25922 209085 1 209086 482397 691483 693088
8388608 179603 179603 25668 205271 1 205272 473491 678764 680513
8388608 183048 183048 25969 209017 1 209018 484646 693665 695321
8388608 179629 179629 25680 205309 1 205311 477684 682995 684745
8388608 183066 183066 25987 209053 1 209055 483733 692788 694421
8388608 179650 179650 25694 205345 1 205347 472704 678051 679813
8388608 183208 183208 26059 209267 1 209269 481337 690606 692247
8388608 179641 179641 25687 205328 1 205329 477646 682976 684745
8388608 183122 183122 25982 209105 1 209106 482744 691851 693477
8388608 179453 179453 25653 205106 1 205108 475739 680847 682617
8388608 183076 183076 26011 209088 1 209089 484093 693183 694829
8388608 179539 179539 25620 205159 2 205161 470903 676065 677800
8388608 183011 183011 26042 209054 1 209055 478138 687194 688816
8388608 179590 179590 25698 205288 1 205289 475986 681276 683020
8388608 182940 182940 26043 208984 1 208986 482665 691651 693298
8388608 179509 179509 25685 205195 1 205196 475887 681084 682791
8388608 183002 183002 26024 209026 1 209027 475065 684092 685725
8388608 179372 179372 25696 205068 1 205070 477976 683047 684778
8388608 182950 182950 26032 208982 1 208984 481271 690256 691902
8388608 179510 179510 25357 204868 2 204870 477291 682161 683884
8388608 183019 183019 26021 209041 1 209042 476336 685379 687049
8388608 179599 179599 25665 205264 1 205265 476899 682165 683920
8388608 183020 183020 26069 209089 1 209091 482460 691551 693194
8388608 179411 179411 25498 204909 1 204911 477771 682683 684443
8388608 182973 182973 26045 209019 1 209020 481489 690510 692123
8388608 179590 179590 25737 205327 2 205330 474516 679846 681583
8388608 183124 183124 26034 209159 1 209160 483320 692481 694108
8388608 179526 179526 25697 205224 1 205226 471346 676572 678350
8388608 182993 182993 26005 208999 1 209001 482700 691702 693312
16777216 358972 358972 50720 409693 1 409694 1067328 1477022 1480110
16777216 367017 367017 52123 419140 1 419142 1086811 1505953 1508982
16777216 359163 359163 51306 410469 1 410471 1081319 1491790 1494934
16777216 366898 366898 51287 418185 1 418186 1090280 1508467 1511334
16777216 359477 359477 51311 410788 1 410790 1071198 1481988 1485187
16777216 366366 366366 51911 418278 1 418280 1086825 1505105 1508007
16777216 359541 359541 50645 410186 1 410188 1076575 1486763 1489904
16777216 366766 366766 51916 418682 1 418683 1087082 1505766 1508705
16777216 359187 359187 51265 410452 1 410454 1082697 1493151 1496338
16777216 366842 366842 51472 418314 1 418315 1085875 1504191 1507054
16777216 359370 359370 51339 410709 1 410710 1081727 1492438 1495604
16777216 366496 366496 51836 418333 1 418335 1098228 1516563 1519444
16777216 359409 359409 50921 410331 1 410333 1080975 1491308 1494445
16777216 366648 366648 51950 418598 1 418600 1091228 1509828 1512813
16777216 359197 359197 51322 410520 1 410522 1085468 1495991 1499119
16777216 366651 366651 51459 418111 1 418112 1083714 1501827 1504741
16777216 359284 359284 51360 410644 1 410646 1083905 1494551 1497739
16777216 366399 366399 51752 418151 1 418153 1086948 1505101 1508016
16777216 359454 359454 50942 410396 1 410398 1082397 1492795 1495934
16777216 366689 366689 51875 418564 1 418566 1096522 1515088 1518039
16777216 359095 359095 51253 410349 1 410351 1081605 1491956 1495048
16777216 366785 366785 51442 418228 2 418230 1088902 1507132 1510052
16777216 359432 359432 51261 410693 1 410695 1083088 1493783 1496936
16777216 366479 366479 51758 418238 1 418240 1086218 1504459 1507360
16777216 359392 359392 50799 410191 1 410192 1082387 1492580 1495724
16777216 366691 366691 52023 418715 1 418717 1090023 1508740 1511684
16777216 359141 359141 51161 410303 1 410305 1080769 1491074 1494168
16777216 366751 366751 51461 418213 1 418215 1093443 1511659 1514597
16777216 359269 359269 51358 410628 1 410629 1082284 1492914 1496086
16777216 366462 366462 51792 418254 1 418256 1096334 1514590 1517517
16777216 359463 359463 50853 410317 1 410319 1076926 1487245 1490372
16777216 366643 366643 51959 418603 1 418604 1098214 1516819 1519788
33554432 733179 733179 101752 834931 1 834933 2466544 3301478 3307437
33554432 717276 717276 100893 818169 2 818171 2402859 3221031 3227237
33554432 733135 733135 102358 835493 1 835495 2426039 3261534 3267437
33554432 718644 718644 100891 819535 1 819537 2403614 3223152 3229340
33554432 732901 732901 102465 835366 1 835368 2451344 3286713 3292618
33554432 717945 717945 100959 818904 1 818906 2419355 3238262 3244420
33554432 732719 732719 102481 835200 1 835202 2428862 3264064 3269848
33554432 718054 718054 100943 818997 1 818999 2408839 3227839 3234054
33554432 733095 733095 102566 835662 1 835664 2428488 3264152 3269911
33554432 717915 717915 100976 818891 2 818893 2414101 3232995 3239234
33554432 732943 732943 102652 835596 1 835598 2441876 3277474 3283637
33554432 717973 717973 100920 818894 1 818896 2402477 3221373 3227555
33554432 735052 735052 101602 836654 2 836656 2469629 3306286 3312411
33554432 718343 718343 100990 819334 1 819336 2403695 3223031 3229248
33554432 732761 732761 102563 835325 1 835327 2420629 3255956 3261809
33554432 718191 718191 100856 819048 1 819050 2397953 3217004 3223191
33554432 733016 733016 101959 834975 2 834977 2422702 3257680 3263558
33554432 718037 718037 100933 818970 1 818972 2402541 3221514 3227718
33554432 733065 733065 102085 835151 1 835153 2427907 3263061 3268810
33554432 718345 718345 101015 819361 2 819363 2409540 3228904 3235221
33554432 731930 731930 102563 834493 1 834495 2425907 3260403 3266165
33554432 718098 718098 101061 819160 1 819162 2401180 3220342 3226457
33554432 732968 732968 102489 835457 1 835459 2451583 3287043 3292856
33554432 718428 718428 100893 819321 2 819324 2406073 3225397 3231584
33554432 732611 732611 102617 835228 1 835230 2426350 3261580 3267393
33554432 718295 718295 100898 819194 1 819196 2404979 3224176 3230378
33554432 733143 733143 102452 835595 1 835597 2447709 3283307 3289089
33554432 718359 718359 100887 819246 2 819248 2397640 3216889 3223126
33554432 733092 733092 102543 835636 2 835638 2437150 3272788 3278596
33554432 718430 718430 100441 818872 1 818874 2408583 3227458 3233602
33554432 732327 732327 102585 834912 2 834914 2436619 3271533 3277336
33554432 718246 718246 101115 819361 1 819363 2400377 3219741 3225867
