8 6 6 7 14 0 15 0 15 16
8 4 4 5 9 0 10 0 10 11
8 4 4 5 9 0 10 0 10 11
8 3 3 5 8 0 9 0 9 10
8 3 3 4 8 0 9 0 9 9
8 3 3 5 9 0 9 0 9 10
8 3 3 5 8 0 9 0 9 9
8 4 4 4 8 0 9 0 9 9
8 3 3 4 8 0 8 0 9 9
8 4 4 5 9 0 10 0 10 10
8 4 4 4 8 0 9 0 9 10
8 4 4 4 8 0 9 0 9 10
8 4 4 5 9 0 10 0 10 10
8 3 3 5 9 0 9 0 9 10
8 4 4 5 9 0 10 0 10 10
8 3 3 4 8 0 8 0 8 9
8 3 3 4 8 0 8 0 8 9
8 3 3 4 8 0 8 0 8 9
8 3 3 4 8 0 8 0 8 9
8 3 3 5 9 0 9 0 9 10
8 3 3 4 8 0 9 0 9 9
8 3 3 4 8 0 8 0 9 9
8 3 3 4 8 0 8 0 8 8
8 3 3 5 8 0 9 0 9 9
8 3 3 4 8 0 8 0 8 8
8 3 3 4 8 0 8 0 8 9
8 3 3 4 8 0 8 0 8 9
8 3 3 4 8 0 8 0 8 9
8 3 3 4 8 0 9 0 9 9
8 3 3 4 8 0 8 0 8 9
8 3 3 4 8 0 8 0 8 9
8 3 3 5 9 0 9 0 9 10
16 4 4 5 9 0 9 0 9 10
16 3 3 5 9 0 9 0 10 10
16 3 3 4 8 0 9 0 9 10
16 4 4 5 9 0 9 0 9 10
16 3 3 5 9 0 9 0 10 10
16 3 3 5 9 0 9 0 10 10
16 4 4 5 10 0 10 0 10 11
16 4 4 5 9 0 10 0 10 11
16 4 4 5 9 0 10 0 10 11
16 4 4 5 9 0 9 0 9 10
16 3 3 5 9 0 9 0 10 10
16 4 4 5 9 0 9 0 10 10
16 4 4 5 9 0 9 0 10 10
16 4 4 4 8 0 9 0 9 10
16 4 4 5 9 0 9 0 10 10
16 3 3 4 8 0 9 0 9 9
16 4 4 4 9 0 9 0 9 10
16 4 4 4 8 0 9 0 9 10
16 4 4 5 9 0 10 0 10 11
16 4 4 4 8 0 9 0 9 10
16 4 4 4 9 0 9 0 9 10
16 3 3 4 8 0 8 0 8 9
16 3 3 3 7 0 8 0 8 8
16 4 4 4 9 0 9 0 9 10
16 4 4 4 9 0 9 0 9 10
16 4 4 5 9 0 10 0 10 10
16 4 4 5 9 0 10 0 10 11
16 4 4 5 9 0 9 0 10 10
16 3 3 4 7 0 8 0 8 9
16 3 3 5 9 0 9 0 10 10
16 4 4 5 9 0 9 0 10 10
16 4 4 5 9 0 9 0 10 10
32 5 5 5 10 0 10 0 10 11
32 4 4 5 9 0 10 0 10 10
32 4 4 5 10 0 10 0 10 11
32 4 4 4 9 0 9 0 10 10
32 5 5 5 10 0 10 0 11 11
32 4 4 4 8 0 9 0 9 9
32 4 4 4 9 0 9 0 10 10
32 4 4 4 8 0 9 0 9 10
32 6 6 5 12 0 13 0 13 14
32 4 4 5 10 0 10 0 11 11
32 5 5 5 10 0 10 0 11 11
32 4 4 5 10 0 10 0 10 11
32 4 4 5 10 0 10 0 11 11
32 4 4 4 9 0 9 0 10 10
32 4 4 4 8 0 9 0 9 9
32 4 4 4 9 0 9 0 9 10
32 5 5 4 9 0 10 0 10 10
32 4 4 5 9 0 10 0 10 11
32 4 4 5 10 0 10 0 11 11
32 4 4 4 9 0 10 0 10 10
32 4 4 4 9 0 9 0 9 10
32 4 4 5 9 0 9 0 10 10
32 5 5 5 11 0 11 0 11 12
32 4 4 4 9 0 9 0 9 10
32 4 4 4 8 0 9 0 9 9
32 4 4 4 8 0 9 0 9 9
32 4 4 4 8 0 8 0 9 9
32 4 4 5 10 0 11 0 11 11
32 5 5 4 9 0 10 0 10 11
32 4 4 5 10 0 10 0 10 11
32 5 5 4 10 0 10 0 10 11
32 4 4 5 10 0 10 0 11 11
64 5 5 5 11 0 11 0 11 12
64 6 6 4 11 0 11 0 11 12
64 6 6 4 10 0 10 0 11 11
64 5 5 4 10 0 10 0 11 11
64 6 6 5 11 0 12 0 12 13
64 5 5 4 10 0 10 0 11 11
64 5 5 4 10 0 11 0 11 12
64 6 6 5 11 0 11 0 12 12
64 6 6 5 11 0 12 0 12 12
64 5 5 4 9 0 10 0 10 10
64 5 5 4 10 0 11 0 11 12
64 5 5 4 10 0 10 0 11 11
64 5 5 4 10 0 10 0 11 11
64 5 5 4 10 0 10 0 11 11
64 5 5 4 9 0 10 0 10 11
64 5 5 4 10 0 10 0 11 11
64 5 5 4 10 0 10 0 11 11
64 5 5 5 11 0 11 0 12 12
64 5 5 4 10 0 10 0 11 11
64 5 5 4 10 0 10 0 11 11
64 4 4 4 9 0 9 0 10 10
64 5 5 4 10 0 10 0 11 11
64 5 5 4 10 0 10 0 11 11
64 5 5 4 10 0 10 0 11 11
64 5 5 4 9 0 10 0 10 11
64 5 5 4 10 0 10 0 11 11
64 5 5 5 11 0 12 0 12 13
64 5 5 4 10 0 10 0 11 12
64 5 5 4 10 0 10 0 10 11
64 5 5 4 10 0 11 0 11 11
64 5 5 5 11 0 11 0 12 12
64 5 5 4 10 0 10 0 11 11
128 8 8 4 12 0 13 0 13 14
128 6 6 4 11 0 11 0 12 13
128 7 7 4 11 0 12 0 13 13
128 7 7 4 11 0 12 0 13 13
128 7 7 5 12 0 13 0 14 14
128 7 7 4 11 0 11 0 12 13
128 6 6 5 11 0 12 0 12 13
128 8 8 5 13 0 13 0 14 14
128 7 7 5 13 0 13 0 14 14
128 7 7 5 12 0 13 0 14 14
128 7 7 5 13 0 13 0 14 15
128 7 7 4 11 0 12 0 13 13
128 7 7 4 12 0 12 0 13 14
128 7 7 4 12 0 12 0 13 14
128 6 6 4 11 0 11 0 12 12
128 7 7 4 12 0 12 0 13 13
128 7 7 5 12 0 12 0 13 14
128 7 7 4 11 0 12 0 12 13
128 6 6 4 11 0 11 0 12 12
128 6 6 4 10 0 11 0 12 12
128 6 6 4 10 0 11 0 11 12
128 5 5 4 10 0 10 0 11 11
128 6 6 4 11 0 11 0 12 13
128 7 7 5 13 0 13 0 14 14
128 7 7 4 11 0 12 0 12 13
128 7 7 5 12 0 12 0 13 14
128 7 7 4 11 0 12 0 12 13
128 6 6 4 11 0 11 1 12 13
128 7 7 5 12 0 12 0 13 14
128 7 7 4 12 0 12 0 13 13
128 6 6 4 10 0 11 0 12 12
128 6 6 4 11 0 11 0 12 13
256 10 10 5 15 0 16 1 17 18
256 10 10 5 15 0 15 1 17 17
256 9 9 4 14 0 14 1 16 17
256 10 10 5 15 0 16 1 17 18
256 10 10 4 15 0 15 1 17 17
256 9 9 5 14 0 15 1 16 17
256 9 9 5 14 0 15 1 16 17
256 9 9 5 14 0 14 1 16 16
256 9 9 5 14 0 14 1 16 16
256 10 10 5 15 0 16 1 17 18
256 10 10 5 15 0 16 1 17 18
256 9 9 5 15 0 15 1 16 17
256 10 10 5 16 0 17 1 18 19
256 9 9 5 14 0 15 1 16 17
256 9 9 4 14 0 14 1 15 16
256 9 9 4 13 0 13 1 15 15
256 9 9 5 14 0 14 1 16 16
256 9 9 4 13 0 14 1 15 16
256 9 9 5 15 0 16 1 17 18
256 10 10 5 15 0 16 1 17 18
256 9 9 4 14 0 14 1 16 16
256 10 10 4 15 0 15 1 17 18
256 10 10 5 15 0 15 1 17 18
256 10 10 5 15 0 16 1 17 18
256 9 9 4 14 0 14 1 16 16
256 9 9 5 14 0 15 1 16 17
256 10 10 5 16 0 16 1 17 18
256 10 10 5 15 0 16 1 17 18
256 9 9 6 15 0 16 1 17 18
256 10 10 5 15 0 16 1 17 18
256 10 10 5 15 0 15 1 17 17
256 10 10 5 16 0 16 1 17 18
512 16 16 6 22 0 22 3 26 27
512 14 14 5 20 0 20 3 24 24
512 14 14 5 20 0 20 3 24 24
512 14 14 6 20 0 20 3 24 24
512 16 16 6 23 0 23 3 26 27
512 16 16 6 22 0 22 3 26 26
512 16 16 6 22 0 23 3 26 26
512 16 16 5 22 0 22 3 26 26
512 15 15 5 21 0 22 3 25 25
512 16 16 5 22 0 22 3 25 26
512 15 15 5 21 0 21 3 25 25
512 15 15 5 21 0 22 3 25 25
512 15 15 5 21 0 22 3 25 26
512 15 15 5 21 0 21 3 25 25
512 15 15 5 21 0 21 3 24 25
512 16 16 6 22 0 22 3 26 26
512 15 15 6 21 0 22 3 25 26
512 16 16 6 22 0 22 3 26 26
512 16 16 6 22 0 23 3 26 26
512 15 15 5 21 0 21 3 24 25
512 15 15 6 22 0 22 3 25 26
512 16 16 5 22 0 22 3 25 26
512 16 16 6 22 0 22 3 26 26
512 15 15 5 21 0 21 3 25 25
512 15 15 5 21 0 22 3 25 25
512 16 16 6 22 0 23 3 26 27
512 16 16 5 22 0 22 3 25 26
512 15 15 5 21 0 21 3 25 25
512 16 16 5 22 0 22 3 25 26
512 16 16 5 21 0 22 3 25 26
512 16 16 6 23 0 23 3 26 27
512 16 16 6 22 0 23 3 26 27
1024 27 27 7 34 0 35 6 42 42
1024 26 26 8 34 0 35 6 42 42
1024 27 27 6 34 0 34 6 41 42
1024 26 26 7 33 0 34 7 41 42
1024 26 26 6 33 0 33 7 40 41
1024 26 26 7 34 0 34 7 41 42
1024 27 27 7 34 0 35 6 42 42
1024 27 27 7 34 0 34 6 41 42
1024 26 26 7 34 0 34 6 41 41
1024 26 26 7 33 0 34 6 41 41
1024 26 26 7 33 0 33 7 40 41
1024 26 26 7 34 0 34 6 41 42
1024 26 26 7 34 0 34 7 41 42
1024 27 27 6 34 0 34 6 41 42
1024 27 27 7 34 0 35 6 41 42
1024 27 27 8 35 0 35 6 42 43
1024 26 26 7 33 0 33 6 40 41
1024 25 25 7 33 0 33 6 40 40
1024 27 27 7 34 0 34 6 41 42
1024 26 26 7 33 0 34 7 41 41
1024 26 26 7 33 0 33 6 40 41
1024 26 26 7 33 0 34 7 41 41
1024 26 26 7 34 0 34 6 41 42
1024 26 26 6 33 0 33 6 40 40
1024 27 27 7 34 0 34 6 41 42
1024 26 26 8 35 0 35 6 42 43
1024 26 26 6 33 0 34 6 40 41
1024 26 26 7 33 0 34 6 40 41
1024 27 27 6 33 0 34 6 41 41
1024 26 26 7 34 0 34 6 41 41
1024 26 26 7 34 0 34 7 41 42
1024 26 26 7 34 0 35 6 42 42
2048 49 49 9 59 0 60 15 75 76
2048 50 50 10 60 0 60 15 76 76
2048 49 49 9 59 0 60 15 75 75
2048 50 50 9 60 0 60 15 75 76
2048 49 49 10 59 0 59 15 75 75
2048 49 49 9 59 0 59 15 74 75
2048 48 48 9 58 0 58 15 73 74
2048 50 50 10 60 0 60 15 76 76
2048 51 51 10 61 0 61 15 77 77
2048 50 50 10 60 0 60 15 76 76
2048 49 49 10 59 0 59 15 75 75
2048 51 51 10 61 0 62 15 77 78
2048 49 49 10 59 0 60 15 75 76
2048 50 50 10 60 0 60 15 76 76
2048 50 50 10 60 0 61 15 76 77
2048 49 49 10 59 0 59 15 75 75
2048 57 57 10 68 0 68 15 83 84
2048 49 49 11 61 0 61 15 76 77
2048 50 50 11 61 0 62 15 77 78
2048 49 49 9 58 0 59 15 74 75
2048 49 49 9 59 0 59 15 74 75
2048 50 50 10 60 0 60 15 75 76
2048 50 50 10 60 0 60 15 75 76
2048 49 49 9 59 0 59 15 75 75
2048 49 49 26 76 0 76 15 91 92
2048 49 49 10 59 0 59 15 74 75
2048 49 49 9 59 0 59 15 74 75
2048 50 50 10 60 0 61 15 76 77
2048 50 50 10 61 0 61 15 76 77
2048 50 50 9 60 0 61 15 76 77
2048 49 49 10 60 0 60 15 75 76
2048 49 49 10 59 0 60 15 75 76
4096 94 94 16 110 0 111 33 145 145
4096 95 95 15 111 0 111 34 145 146
4096 95 95 15 111 0 111 34 145 146
4096 95 95 16 111 0 111 34 146 146
4096 93 93 16 110 0 110 34 144 145
4096 94 94 15 110 0 111 34 145 146
4096 93 93 16 109 0 110 36 147 147
4096 94 94 16 110 0 111 35 146 147
4096 94 94 16 110 0 111 33 145 145
4096 96 96 15 112 0 112 34 146 147
4096 93 93 15 109 0 110 34 144 144
4096 94 94 16 110 0 110 35 145 146
4096 95 95 16 111 0 112 34 146 146
4096 94 94 15 110 0 110 34 145 146
4096 95 95 16 112 0 112 43 155 156
4096 95 95 16 111 0 112 34 146 147
4096 94 94 15 110 0 111 34 145 146
4096 95 95 16 111 0 112 34 146 146
4096 94 94 17 112 0 112 34 146 147
4096 94 94 16 110 0 110 33 144 145
4096 94 94 16 110 0 111 34 145 145
4096 95 95 15 110 0 111 34 145 146
4096 93 93 16 110 0 110 35 145 146
4096 95 95 16 111 0 111 35 147 147
4096 94 94 16 111 0 111 34 145 146
4096 95 95 16 112 0 112 34 146 147
4096 94 94 16 110 0 111 34 145 146
4096 95 95 16 112 0 112 34 147 147
4096 95 95 16 112 0 112 34 146 147
4096 95 95 16 111 0 111 34 146 147
4096 94 94 16 111 0 111 34 145 146
4096 94 94 16 110 0 110 34 145 145
8192 186 186 29 215 0 215 77 293 294
8192 184 184 29 214 0 215 78 293 293
8192 186 186 29 216 0 216 77 294 294
8192 186 186 29 216 0 217 77 295 295
8192 186 186 29 216 0 216 77 293 294
8192 185 185 29 215 0 215 77 293 294
8192 186 186 29 216 0 216 76 293 293
8192 186 186 29 215 0 216 76 292 293
8192 186 186 85 271 0 271 77 349 350
8192 186 186 30 217 0 217 77 294 295
8192 186 186 30 216 0 217 76 293 294
8192 185 185 29 214 0 215 77 292 293
8192 186 186 29 215 0 215 78 294 294
8192 185 185 29 214 0 214 77 292 293
8192 185 185 30 215 0 216 77 293 293
8192 185 185 29 214 0 214 76 291 291
8192 186 186 29 216 0 216 76 293 293
8192 183 183 29 213 0 213 76 289 290
8192 184 184 29 213 0 214 76 290 291
8192 185 185 29 214 0 215 76 291 292
8192 186 186 30 216 0 216 83 300 301
8192 187 187 30 217 0 218 82 300 301
8192 186 186 29 216 0 216 76 293 294
8192 185 185 29 214 0 215 76 292 292
8192 184 184 28 212 0 213 78 291 292
8192 186 186 29 215 0 216 78 294 295
8192 186 186 29 216 0 216 76 293 293
8192 185 185 29 214 0 214 76 290 291
8192 185 185 30 216 0 216 77 294 294
8192 185 185 30 216 0 217 76 293 294
8192 185 185 30 215 0 216 77 293 293
8192 185 185 30 216 0 216 77 294 294
16384 370 370 55 425 0 426 222 648 670
16384 369 369 55 424 0 425 223 649 669
16384 371 371 55 426 0 427 222 649 669
16384 369 369 57 426 0 427 223 650 668
16384 368 368 55 424 0 424 223 648 668
16384 369 369 55 424 0 425 221 646 666
16384 369 369 55 424 0 425 237 662 684
16384 369 369 56 426 0 426 221 648 669
16384 368 368 55 424 0 425 226 651 669
16384 367 367 55 422 0 423 226 649 667
16384 381 381 57 438 0 439 224 663 685
16384 368 368 56 425 0 425 222 648 668
16384 369 369 57 427 0 427 225 653 672
16384 369 369 58 427 0 427 225 652 671
16384 367 367 55 422 0 423 220 644 663
16384 367 367 55 423 0 423 223 646 666
16384 368 368 55 424 0 424 227 652 671
16384 370 370 56 426 0 427 236 664 684
16384 367 367 55 422 0 423 221 645 662
16384 368 368 55 424 0 424 223 647 666
16384 367 367 55 423 0 423 222 646 664
16384 381 381 57 439 0 439 223 662 681
16384 369 369 55 424 0 425 222 647 666
16384 366 366 56 423 0 423 223 646 664
16384 369 369 56 425 0 425 223 649 668
16384 368 368 56 424 0 424 222 647 666
16384 366 366 56 422 0 423 222 645 667
16384 367 367 53 421 0 422 221 643 661
16384 367 367 57 425 0 425 240 666 688
16384 367 367 55 423 0 423 220 644 661
16384 369 369 55 424 0 425 223 648 669
16384 365 365 54 420 0 420 222 643 662
32768 742 742 111 853 0 853 515 1369 1401
32768 726 726 111 837 0 837 525 1363 1395
32768 738 738 112 850 0 851 532 1383 1414
32768 730 730 110 841 0 842 521 1364 1397
32768 736 736 108 845 0 846 516 1362 1397
32768 733 733 109 842 0 843 522 1365 1397
32768 725 725 110 836 0 836 529 1366 1399
32768 723 723 109 833 0 833 516 1349 1382
32768 728 728 109 837 0 838 519 1358 1402
32768 729 729 111 841 0 842 524 1366 1398
32768 725 725 107 833 0 834 524 1358 1390
32768 728 728 109 837 0 838 523 1361 1394
32768 730 730 111 841 0 841 528 1369 1400
32768 744 744 113 857 0 858 527 1386 1420
32768 729 729 108 838 0 838 522 1361 1392
32768 739 739 111 850 0 851 522 1373 1406
32768 723 723 108 831 0 832 520 1352 1385
32768 726 726 110 836 0 836 541 1378 1408
32768 727 727 109 836 0 837 522 1359 1388
32768 726 726 108 835 0 835 525 1361 1395
32768 728 728 110 838 0 838 520 1359 1392
32768 723 723 107 831 0 831 520 1352 1383
32768 723 723 110 834 0 834 520 1355 1386
32768 720 720 108 828 0 829 518 1347 1378
32768 737 737 111 848 0 849 523 1372 1404
32768 730 730 111 841 0 842 520 1362 1395
32768 736 736 112 849 0 849 522 1371 1404
32768 727 727 108 836 0 837 513 1350 1382
32768 725 725 107 832 0 832 530 1363 1394
32768 719 719 108 828 0 829 514 1343 1373
32768 725 725 109 834 0 835 532 1367 1403
32768 722 722 111 833 0 834 518 1353 1385
65536 1439 1439 224 1664 0 1665 1359 3024 3065
65536 1429 1429 211 1641 0 1642 1355 2997 3040
65536 1436 1436 212 1648 0 1649 1352 3002 3049
65536 1435 1435 210 1646 0 1646 1353 3000 3042
65536 1440 1440 213 1654 0 1655 1367 3023 3063
65536 1445 1445 215 1661 0 1662 1353 3015 3060
65536 1447 1447 219 1667 0 1668 1351 3020 3062
65536 1443 1443 213 1656 0 1657 1329 2987 3029
65536 1435 1435 221 1657 0 1657 1343 3001 3046
65536 1439 1439 214 1653 0 1653 1402 3056 3101
65536 1433 1433 213 1646 0 1647 1358 3006 3048
65536 1428 1428 210 1638 0 1639 1363 3002 3040
65536 1434 1434 212 1646 0 1646 1340 2986 3032
65536 1441 1441 214 1655 0 1656 1358 3015 3060
65536 1444 1444 215 1659 0 1660 1347 3008 3049
65536 1455 1455 216 1672 0 1672 1352 3024 3066
65536 1438 1438 229 1668 0 1669 1358 3027 3069
65536 1437 1437 214 1651 0 1652 1409 3061 3110
65536 1435 1435 212 1647 0 1648 1350 2998 3039
65536 1435 1435 211 1646 0 1647 1351 2998 3039
65536 1439 1439 214 1654 0 1655 1364 3019 3063
65536 1444 1444 215 1660 0 1660 1341 3001 3042
65536 1445 1445 215 1660 0 1661 1328 2989 3031
65536 1447 1447 215 1662 0 1663 1353 3017 3059
65536 1438 1438 224 1663 0 1663 1354 3018 3060
65536 1441 1441 213 1655 0 1655 1366 3022 3066
65536 1440 1440 215 1655 0 1656 1346 3003 3047
65536 1441 1441 215 1657 0 1658 1333 2991 3032
65536 1436 1436 213 1650 0 1650 1349 3000 3045
65536 1440 1440 215 1655 0 1656 1359 3016 3060
65536 1442 1442 212 1654 0 1654 1360 3015 3055
65536 1437 1437 213 1650 0 1651 1362 3013 3072
131072 2869 2869 417 3287 0 3288 3235 6523 6581
131072 2854 2854 415 3270 0 3270 3233 6504 6568
131072 2850 2850 415 3266 1 3267 3221 6489 6541
131072 2850 2850 413 3263 0 3264 3099 6363 6416
131072 2869 2869 413 3282 0 3283 3196 6480 6535
131072 2875 2875 416 3291 0 3292 3210 6503 6555
131072 2857 2857 408 3265 0 3266 3211 6478 6529
131072 2878 2878 414 3292 0 3293 3222 6516 6568
131072 2873 2873 413 3286 0 3287 3223 6511 6562
131072 2867 2867 413 3280 0 3281 3240 6522 6577
131072 2851 2851 409 3260 0 3261 3077 6338 6389
131072 2862 2862 411 3274 0 3275 3204 6479 6533
131072 2857 2857 413 3270 0 3271 3094 6365 6419
131072 2849 2849 424 3273 0 3274 3142 6416 6461
131072 2856 2856 411 3268 0 3269 3102 6371 6426
131072 2857 2857 409 3267 0 3268 3074 6343 6396
131072 2864 2864 410 3274 0 3275 3112 6388 6446
131072 2859 2859 410 3269 0 3270 3092 6362 6412
131072 2856 2856 409 3265 0 3266 3073 6339 6393
131072 2865 2865 420 3285 0 3286 3110 6396 6446
131072 2865 2865 426 3291 1 3293 3109 6402 6453
131072 2857 2857 409 3266 0 3267 3057 6324 6375
131072 2866 2866 408 3275 0 3276 3026 6302 6352
131072 2873 2873 420 3294 0 3294 3173 6468 6529
131072 2840 2840 412 3252 0 3253 3077 6331 6383
131072 2865 2865 408 3274 0 3274 3044 6319 6374
131072 2872 2872 415 3287 0 3288 3106 6394 6445
131072 2851 2851 416 3267 0 3268 3028 6297 6346
131072 2854 2854 413 3267 0 3267 3096 6364 6410
131072 2864 2864 407 3272 0 3272 3049 6321 6373
131072 2851 2851 406 3258 0 3258 3023 6282 6334
131072 2847 2847 405 3253 0 3253 3066 6320 6373
262144 5705 5705 831 6537 0 6538 7435 13973 14046
262144 5690 5690 821 6512 1 6513 7193 13707 13776
262144 5741 5741 812 6553 0 6554 7161 13716 13790
262144 5702 5702 819 6522 0 6523 7303 13826 13908
262144 5726 5726 821 6547 0 6548 7353 13902 13975
262144 5723 5723 806 6530 1 6531 6945 13477 13541
262144 5700 5700 819 6520 0 6521 7266 13788 13858
262144 5716 5716 817 6534 1 6535 6911 13446 13514
262144 5705 5705 814 6520 1 6521 6919 13440 13509
262144 5707 5707 812 6519 0 6520 6809 13330 13395
262144 5690 5690 809 6500 0 6501 7008 13509 13582
262144 5721 5721 817 6538 0 6539 7003 13543 13611
262144 5688 5688 808 6497 1 6498 6745 13244 13306
262144 5709 5709 809 6518 0 6519 6849 13368 13438
262144 5667 5667 803 6470 0 6471 6733 13204 13272
262144 5679 5679 789 6469 0 6469 6582 13051 13115
262144 5699 5699 800 6500 0 6501 6659 13160 13220
262144 5703 5703 810 6513 0 6514 6631 13145 13209
262144 5684 5684 793 6477 0 6478 6584 13062 13123
262144 5715 5715 806 6522 0 6523 6648 13171 13232
262144 5674 5674 790 6465 0 6466 6613 13079 13144
262144 5677 5677 786 6463 0 6464 6496 12960 13019
262144 5676 5676 785 6462 0 6463 6596 13059 13120
262144 5704 5704 812 6516 0 6517 6642 13160 13222
262144 5663 5663 791 6455 0 6455 6552 13008 13070
262144 5660 5660 798 6458 1 6460 6602 13062 13125
262144 5680 5680 787 6468 0 6468 6497 12966 13023
262144 5685 5685 790 6476 0 6477 6613 13090 13150
262144 5664 5664 780 6445 0 6446 6534 12980 13036
262144 5675 5675 789 6465 0 6465 6636 13102 13164
262144 5661 5661 778 6439 0 6440 6519 12959 13018
262144 5683 5683 790 6474 0 6475 6524 12999 13061
524288 11300 11300 1575 12875 1 12876 14311 27188 27269
524288 11303 11303 1559 12863 0 12864 14516 27381 27468
524288 11374 11374 1587 12961 0 12962 14662 27625 27714
524288 11300 11300 1555 12855 0 12856 14368 27225 27304
524288 11339 11339 1577 12917 0 12917 14875 27793 27884
524288 11342 11342 1558 12901 0 12902 14331 27233 27320
524288 11306 11306 1553 12859 0 12860 14356 27217 27292
524288 11308 11308 1524 12832 0 12833 14288 27121 27192
524288 11361 11361 1576 12937 0 12938 14622 27560 27644
524288 11325 11325 1551 12876 0 12877 14559 27437 27522
524288 11314 11314 1558 12872 0 12873 14368 27241 27317
524288 11339 11339 1545 12885 0 12885 14240 27125 27208
524288 11354 11354 1548 12903 0 12903 14408 27312 27397
524288 11307 11307 1509 12816 0 12817 14186 27003 27085
524288 11311 11311 1546 12857 0 12858 14361 27219 27299
524288 11341 11341 1556 12897 0 12898 14505 27404 27491
524288 11313 11313 1541 12854 0 12855 14329 27184 27260
524288 11322 11322 1542 12865 0 12865 14331 27196 27282
524288 11362 11362 1563 12925 0 12926 14489 27415 27503
524288 11325 11325 1541 12867 0 12868 14109 26977 27058
524288 11322 11322 1544 12867 0 12867 14434 27302 27383
524288 11306 11306 1550 12856 0 12857 14360 27218 27296
524288 11331 11331 1566 12898 0 12899 14885 27784 27873
524288 11319 11319 1530 12850 0 12851 14175 27026 27108
524288 11307 11307 1556 12864 0 12865 14362 27227 27302
524288 11319 11319 1499 12819 0 12820 14188 27008 27090
524288 11351 11351 1557 12909 0 12910 14576 27486 27569
524288 11318 11318 1545 12864 0 12865 14631 27496 27580
524288 11341 11341 1537 12878 0 12879 14442 27321 27401
524288 11321 11321 1517 12839 0 12839 14174 27014 27097
524288 11321 11321 1554 12875 0 12876 14344 27220 27297
524288 11305 11305 1525 12830 0 12831 14224 27056 27140
1048576 22563 22563 3102 25665 0 25666 31540 57207 57334
1048576 22428 22428 3051 25480 0 25480 31685 57166 57322
1048576 22622 22622 3086 25709 0 25710 31764 57475 57596
1048576 22416 22416 3045 25461 0 25462 30723 56185 56338
1048576 22639 22639 3153 25792 1 25793 31385 57178 57308
1048576 22488 22488 3089 25577 0 25578 31558 57136 57280
1048576 22639 22639 3091 25730 0 25731 31695 57427 57551
1048576 22963 22963 3249 26213 1 26214 32153 58367 58512
1048576 22614 22614 3095 25709 0 25710 31481 57191 57333
1048576 22769 22769 3149 25919 0 25920 31476 57396 57523
1048576 22407 22407 3055 25462 0 25463 31260 56723 56864
1048576 22848 22848 3189 26038 0 26038 32129 58168 58310
1048576 22494 22494 3063 25558 0 25558 31659 57218 57358
1048576 22761 22761 3150 25911 0 25912 31524 57437 57567
1048576 22444 22444 3050 25494 0 25495 31550 57045 57186
1048576 22598 22598 3080 25679 0 25679 31841 57520 57645
1048576 22395 22395 3037 25433 0 25434 31463 56897 57036
1048576 22594 22594 3084 25678 0 25678 31554 57233 57355
1048576 22398 22398 3020 25419 0 25420 31427 56848 56985
1048576 22602 22602 3071 25674 0 25674 31513 57188 57311
1048576 22414 22414 3026 25440 0 25441 31591 57032 57171
1048576 22627 22627 3077 25705 0 25706 31737 57443 57565
1048576 22393 22393 3028 25422 0 25423 31452 56875 57015
1048576 22618 22618 3064 25682 0 25683 31775 57459 57589
1048576 22431 22431 3019 25451 1 25452 31326 56778 56918
1048576 22598 22598 3061 25660 0 25661 31651 57312 57436
1048576 22388 22388 3020 25409 0 25409 31280 56690 56829
1048576 22609 22609 3067 25676 0 25677 31491 57168 57293
1048576 22402 22402 3023 25425 0 25426 31447 56873 57011
1048576 22598 22598 3063 25662 0 25662 31406 57069 57168
1048576 22360 22360 3015 25375 0 25376 31271 56647 56785
1048576 22900 22900 3223 26124 1 26125 31820 57946 58092
2097152 44666 44666 6242 50908 1 50909 70574 121484 121807
2097152 45618 45618 6337 51956 1 51957 71856 123814 124067
2097152 44963 44963 6323 51287 1 51288 70308 121597 121902
2097152 45571 45571 6269 51841 1 51842 72347 124190 124452
2097152 44996 44996 6322 51318 1 51319 70494 121814 122116
2097152 45614 45614 6360 51975 0 51976 71221 123197 123450
2097152 44996 44996 6338 51335 1 51336 70308 121644 121969
2097152 45623 45623 6330 51954 0 51955 72428 124383 124635
2097152 44989 44989 6329 51319 1 51320 71389 122709 123018
2097152 45579 45579 6350 51929 1 51930 71517 123447 123700
2097152 45012 45012 6322 51335 0 51336 70395 121731 122037
2097152 45608 45608 6369 51978 1 51979 70586 122566 122823
2097152 45019 45019 6352 51372 0 51373 70892 122265 122597
2097152 45653 45653 6344 51997 0 51998 71987 123985 124239
2097152 45047 45047 6341 51388 0 51389 71130 122520 122831
2097152 45615 45615 6348 51963 0 51964 71646 123610 123860
2097152 45019 45019 6323 51342 0 51343 70813 122157 122484
2097152 45648 45648 6360 52009 0 52010 71976 123986 124235
2097152 44998 44998 6325 51324 0 51325 70458 121783 122090
2097152 45601 45601 6349 51951 1 51952 71250 123203 123459
2097152 44968 44968 6321 51289 0 51290 70362 121653 121963
2097152 45613 45613 6372 51985 0 51986 73146 125133 125430
2097152 45042 45042 6342 51384 1 51385 71464 122850 123178
2097152 45690 45690 6353 52043 1 52044 71963 124007 124259
2097152 45009 45009 6327 51337 0 51338 70550 121888 122195
2097152 45618 45618 6355 51973 1 51974 71075 123049 123341
2097152 45003 45003 6338 51341 0 51342 70528 121871 122190
2097152 45609 45609 6341 51951 1 51952 72356 124308 124561
2097152 44974 44974 6316 51290 0 51291 70329 121621 121926
2097152 45600 45600 6358 51958 0 51959 71178 123137 123351
2097152 44993 44993 6326 51319 0 51320 70543 121863 122173
2097152 45603 45603 6345 51949 1 51950 72011 123961 124226
4194304 89702 89702 12811 102514 1 102515 191562 294078 294889
4194304 91244 91244 12751 103995 1 103996 195397 299393 300067
4194304 89990 89990 12754 102744 1 102746 191123 293869 294681
4194304 91404 91404 12821 104226 1 104227 193748 297976 298696
4194304 89923 89923 12734 102658 1 102659 193303 295963 296771
4194304 91470 91470 13104 104575 1 104576 197363 301940 302673
4194304 89903 89903 12940 102843 0 102844 193056 295901 296774
4194304 91557 91557 12905 104462 1 104463 194211 298675 299415
4194304 89895 89895 12759 102654 0 102655 192124 294780 295571
4194304 91565 91565 12914 104480 1 104481 194262 298743 299498
4194304 89941 89941 12736 102677 1 102678 194166 296844 297652
4194304 91581 91581 12944 104525 1 104526 194665 299192 299936
4194304 89914 89914 12821 102735 1 102736 191752 294489 295298
4194304 91603 91603 12952 104556 1 104557 194801 299358 300132
4194304 89880 89880 12776 102656 1 102657 191823 294480 295289
4194304 91578 91578 12927 104505 1 104506 194404 298910 299662
4194304 89905 89905 12776 102682 1 102683 195094 297777 298587
4194304 91578 91578 12932 104511 1 104512 195620 300132 300884
4194304 89900 89900 12721 102621 1 102622 192405 295027 295816
4194304 91601 91601 12936 104538 1 104540 194600 299141 299888
4194304 89916 89916 12803 102719 1 102721 196133 298855 299656
4194304 91580 91580 12958 104539 1 104540 194234 298774 299505
4194304 89898 89898 12750 102648 1 102649 193155 295805 296595
4194304 91619 91619 12947 104567 0 104568 194034 298602 299362
4194304 89948 89948 12761 102709 1 102711 192399 295110 295922
4194304 91591 91591 12952 104544 1 104545 198066 302612 303361
4194304 89908 89908 12762 102671 1 102672 192126 294799 295600
4194304 91615 91615 12953 104568 1 104569 194869 299438 300197
4194304 89879 89879 12759 102639 1 102640 192388 295028 295831
4194304 91585 91585 12998 104584 1 104585 194538 299123 299861
4194304 89903 89903 12802 102705 1 102706 195346 298053 298858
4194304 91617 91617 13020 104637 1 104638 198283 302922 303697
8388608 179598 179598 25932 205530 1 205531 508925 714456 716245
8388608 183180 183180 25915 209095 1 209096 504948 714045 715717
8388608 179388 179388 25462 204850 1 204852 498140 702993 704797
8388608 183318 183318 26174 209492 1 209494 502256 711750 713425
8388608 179706 179706 25664 205371 1 205372 495981 701354 703137
8388608 183133 183133 26016 209150 1 209151 508919 718070 719700
8388608 179733 179733 25679 205413 1 205414 496603 702018 703769
8388608 183153 183153 26042 209196 1 209197 501188 710385 712031
8388608 179656 179656 25655 205311 1 205313 494812 700125 701917
8388608 183152 183152 26045 209198 1 209199 500117 709317 710981
8388608 179634 179634 25629 205264 1 205265 494980 700246 702010
8388608 183155 183155 26064 209220 1 209221 500039 709260 710907
8388608 179585 179585 25649 205234 1 205235 494329 699565 701353
8388608 183179 183179 26044 209223 1 209225 501742 710967 712611
8388608 179545 179545 25660 205205 1 205206 493988 699195 700958
8388608 182699 182699 25966 208665 1 208667 499310 707977 709621
8388608 179626 179626 25748 205375 1 205377 494935 700313 702102
8388608 183191 183191 26050 209241 2 209243 499488 708731 710379
8388608 179551 179551 25636 205187 1 205189 493791 698981 700779
8388608 183914 183914 26635 210550 1 210552 499801 710353 712002
8388608 179533 179533 25637 205171 1 205173 493558 698731 700483
8388608 182909 182909 26070 208979 1 208981 505607 714589 716265
8388608 179646 179646 25677 205324 1 205326 495084 700410 702197
8388608 182976 182976 25726 208702 1 208704 502410 711114 712808
8388608 179669 179669 25671 205340 1 205342 495090 700432 702190
8388608 183098 183098 26158 209257 1 209258 507610 716869 718553
8388608 179630 179630 25631 205262 1 205263 494928 700192 701961
8388608 182779 182779 26076 208856 1 208858 504677 713536 715205
8388608 179598 179598 25624 205223 1 205225 495003 700228 701995
8388608 183168 183168 26074 209242 1 209244 499154 708398 710111
8388608 179545 179545 25674 205219 1 205221 500307 705529 707337
8388608 183081 183081 26122 209204 1 209205 499517 708723 710431
16777216 359232 359232 50911 410143 1 410144 1122441 1532586 1535837
16777216 366993 366993 52425 419418 1 419420 1139610 1559030 1562121
16777216 359187 359187 51643 410831 1 410832 1115127 1525960 1529208
16777216 366722 366722 52102 418825 2 418827 1129559 1548386 1551414
16777216 359677 359677 51373 411050 1 411052 1120240 1531293 1534544
16777216 366739 366739 52455 419194 1 419196 1139311 1558507 1561576
16777216 368229 368229 51016 419246 2 419248 1156267 1575515 1578495
16777216 359653 359653 51631 411284 2 411286 1121147 1532434 1535795
16777216 366626 366626 52487 419113 1 419115 1128930 1548045 1551137
16777216 359652 359652 51555 411208 1 411210 1125534 1536744 1540002
16777216 366653 366653 52407 419061 1 419063 1132431 1551494 1554549
16777216 359576 359576 51627 411203 1 411205 1114489 1525694 1528945
16777216 366788 366788 52325 419114 1 419116 1129862 1548978 1552034
16777216 359604 359604 51601 411205 1 411207 1117964 1529171 1532516
16777216 366716 366716 52416 419132 1 419134 1126943 1546077 1549143
16777216 359569 359569 51522 411092 1 411094 1125358 1536452 1539712
16777216 366745 366745 52604 419349 1 419351 1131955 1551306 1554439
16777216 359178 359178 51814 410992 2 410994 1119262 1530257 1533578
16777216 366836 366836 52480 419317 1 419318 1138039 1557358 1560448
16777216 359636 359636 51624 411260 1 411262 1114806 1526068 1529387
16777216 359194 359194 51531 410725 1 410727 1110690 1521417 1524787
16777216 366838 366838 52658 419496 1 419498 1129090 1548589 1551746
16777216 359607 359607 51568 411175 2 411178 1119644 1530822 1534094
16777216 366913 366913 52582 419495 1 419497 1127555 1547052 1550164
16777216 359387 359387 51706 411093 1 411095 1116462 1527558 1530873
16777216 366307 366307 52552 418859 1 418861 1137957 1556819 1560005
16777216 359692 359692 51536 411228 1 411230 1117701 1528931 1532216
16777216 366617 366617 52677 419294 1 419295 1125909 1545205 1548349
16777216 359602 359602 51554 411156 1 411158 1120257 1531416 1534707
16777216 366806 366806 52532 419338 1 419339 1134343 1553682 1556794
16777216 359640 359640 51897 411538 1 411540 1115639 1527179 1530519
16777216 366383 366383 52515 418899 1 418901 1128666 1547567 1550712
33554432 717920 717920 100984 818904 2 818906 2482283 3301190 3307406
33554432 734099 734099 102622 836722 1 836724 2512454 3349179 3355154
33554432 719048 719048 101109 820157 2 820160 2507154 3327314 3333588
33554432 734260 734260 102439 836699 2 836702 2520096 3356798 3362608
33554432 718886 718886 101097 819983 2 819985 2490429 3310415 3316751
33554432 733219 733219 103099 836319 2 836321 2515374 3351695 3357613
33554432 719067 719067 100861 819929 2 819931 2506440 3326372 3332581
33554432 733872 733872 102741 836614 2 836616 2517960 3354577 3360438
33554432 718909 718909 101874 820784 1 820785 2508914 3329699 3335999
33554432 733522 733522 102633 836155 2 836157 2509593 3345751 3351498
33554432 719324 719324 101074 820399 1 820401 2509724 3330125 3336458
33554432 732890 732890 103522 836412 1 836414 2529072 3365486 3371375
33554432 718920 718920 100963 819884 2 819886 2493907 3313793 3319833
33554432 733595 733595 102677 836273 2 836275 2519272 3355547 3361482
33554432 718796 718796 101758 820555 1 820556 2491454 3312011 3318398
33554432 733345 733345 102590 835935 2 835937 2514816 3350754 3356508
33554432 719227 719227 100996 820224 2 820227 2486369 3306596 3312866
33554432 733111 733111 103493 836605 1 836607 2525905 3362512 3368410
33554432 718847 718847 100985 819832 2 819835 2487545 3307380 3313586
33554432 734124 734124 102594 836718 1 836720 2514371 3351091 3357028
33554432 718752 718752 101460 820212 2 820214 2486426 3306641 3312913
33554432 733598 733598 102874 836473 2 836475 2523764 3360239 3366043
33554432 719303 719303 101188 820492 1 820494 2508324 3328819 3335131
33554432 733862 733862 102847 836710 2 836712 2510792 3347504 3353421
33554432 718907 718907 101158 820066 2 820068 2484417 3304486 3310702
33554432 734150 734150 102613 836763 1 836765 2511836 3348601 3354516
33554432 718545 718545 101764 820310 2 820312 2509921 3330233 3336598
33554432 733853 733853 102689 836543 1 836544 2512922 3349467 3355383
33554432 719635 719635 100555 820191 2 820193 2481583 3301777 3308169
33554432 733239 733239 103151 836390 2 836392 2518253 3354645 3360613
33554432 719266 719266 101151 820417 1 820419 2479164 3299584 3305967
33554432 734018 734018 102966 836985 1 836987 2521334 3358322 3364287
