8 5 5 7 12 0 13 3 17 18
8 3 3 5 9 0 9 2 12 13
8 3 3 5 8 0 9 1 10 11
8 3 3 5 9 0 9 2 11 12
8 3 3 5 8 0 8 1 10 11
8 3 3 4 8 0 9 1 10 10
8 3 3 4 8 0 8 2 11 11
8 3 3 4 8 0 9 1 11 11
8 3 3 5 8 0 9 1 10 11
8 3 3 4 8 0 8 1 10 10
8 3 3 5 9 0 9 1 11 11
8 3 3 5 8 0 8 1 10 10
8 3 3 4 8 0 8 1 10 11
8 3 3 4 8 0 8 1 10 10
8 3 3 5 8 0 9 1 10 10
8 3 3 5 9 0 9 2 11 12
8 3 3 5 9 0 9 1 11 12
8 3 3 5 9 0 9 1 11 12
8 3 3 5 9 0 9 2 11 12
8 3 3 4 8 0 8 1 10 10
8 3 3 5 8 0 8 1 10 10
8 3 3 4 8 0 8 1 10 10
8 3 3 4 8 0 9 1 10 11
8 3 3 4 7 0 8 1 10 10
8 3 3 4 8 0 8 1 10 11
8 3 3 5 8 0 9 1 11 11
8 4 4 5 9 0 9 2 11 12
8 3 3 5 8 0 9 2 11 12
8 3 3 4 8 0 9 1 10 11
8 3 3 4 8 0 8 1 10 11
8 3 3 4 7 0 8 2 10 10
8 3 3 4 8 0 8 1 10 10
16 3 3 4 8 0 8 1 10 10
16 4 4 4 8 0 8 1 10 11
16 4 4 4 8 0 9 1 10 11
16 4 4 4 9 0 9 2 11 12
16 4 4 5 9 0 9 2 11 12
16 4 4 4 9 0 9 1 10 11
16 4 4 4 8 0 8 1 9 10
16 4 4 4 8 0 9 1 10 11
16 3 3 4 8 0 8 1 10 10
16 3 3 5 8 0 9 2 11 12
16 4 4 4 8 0 9 1 10 11
16 3 3 4 8 0 8 1 10 11
16 4 4 4 9 0 9 1 11 11
16 4 4 5 9 0 10 1 11 12
16 3 3 4 8 0 9 1 10 11
16 3 3 4 8 0 8 1 10 10
16 4 4 4 8 0 9 1 10 11
16 3 3 4 8 0 8 1 9 10
16 4 4 4 8 0 9 1 10 11
16 4 4 4 9 0 9 1 10 11
16 4 4 5 9 0 9 2 12 13
16 3 3 5 8 0 9 2 11 12
16 4 4 5 9 0 9 3 13 13
16 4 4 5 9 0 10 1 11 12
16 4 4 5 10 0 10 1 12 12
16 4 4 5 9 0 9 1 11 11
16 3 3 4 8 0 9 2 11 11
16 3 3 4 8 0 8 1 10 10
16 4 4 5 9 0 10 2 12 13
16 3 3 4 7 0 8 1 9 9
16 4 4 5 9 0 9 1 10 11
16 3 3 4 8 0 8 1 10 10
32 5 5 4 10 0 10 2 12 13
32 4 4 5 9 0 10 1 11 12
32 4 4 4 9 0 9 1 11 11
32 4 4 5 9 0 9 1 11 12
32 4 4 4 9 0 10 1 11 12
32 4 4 4 9 0 10 1 11 12
32 4 4 4 9 0 9 1 11 11
32 4 4 4 8 0 9 1 11 11
32 4 4 4 9 0 10 1 11 11
32 4 4 5 10 0 10 1 12 12
32 4 4 5 10 0 10 1 12 13
32 4 4 4 9 0 9 1 11 11
32 4 4 4 9 0 9 1 10 11
32 4 4 4 8 0 9 1 11 11
32 4 4 4 9 0 9 2 11 12
32 4 4 4 8 0 9 1 10 11
32 4 4 4 8 0 9 1 11 11
32 4 4 4 8 0 9 2 11 12
32 4 4 5 9 0 9 2 12 12
32 4 4 4 9 0 10 1 11 12
32 4 4 5 9 0 10 2 12 13
32 4 4 3 8 0 8 1 10 10
32 4 4 4 9 0 9 1 10 11
32 4 4 5 9 0 10 2 12 13
32 4 4 5 9 0 10 2 12 12
32 4 4 5 9 0 10 2 12 13
32 4 4 5 10 0 10 2 12 13
32 4 4 5 10 0 10 2 13 13
32 4 4 5 10 0 10 1 12 13
32 4 4 5 10 0 10 1 12 12
32 4 4 4 8 0 9 2 11 11
32 4 4 4 9 0 9 1 11 11
64 6 6 4 11 0 11 1 13 13
64 6 6 4 11 0 11 2 13 14
64 6 6 5 11 0 11 1 13 14
64 5 5 5 10 0 11 2 14 14
64 5 5 4 10 0 10 2 13 13
64 5 5 5 10 0 11 1 12 13
64 5 5 4 9 0 10 2 13 13
64 5 5 5 11 0 11 2 14 14
64 5 5 4 10 0 10 1 12 12
64 5 5 4 10 0 10 2 12 13
64 5 5 4 10 0 10 2 12 13
64 5 5 4 10 0 10 2 13 13
64 4 4 4 9 0 10 1 11 12
64 5 5 5 10 0 11 2 13 14
64 5 5 4 10 0 10 1 12 13
64 5 5 5 10 0 11 2 13 13
64 5 5 5 10 0 10 2 13 13
64 5 5 4 9 0 10 2 12 13
64 5 5 4 9 0 10 1 12 12
64 5 5 4 10 0 10 2 12 13
64 5 5 4 9 0 10 1 11 12
64 5 5 4 10 0 10 2 12 13
64 5 5 4 9 0 9 2 11 12
64 5 5 5 10 0 11 2 13 14
64 5 5 4 9 0 10 2 12 13
64 5 5 5 11 0 11 2 14 14
64 6 6 4 10 0 11 1 12 13
64 5 5 4 10 0 11 2 13 13
64 5 5 4 10 0 10 2 13 13
64 5 5 4 10 0 10 2 13 13
64 5 5 4 10 0 10 1 12 13
64 5 5 4 9 0 10 1 12 12
128 8 8 4 12 0 13 3 16 17
128 7 7 4 12 0 12 3 16 16
128 7 7 5 12 0 12 2 15 15
128 7 7 5 12 0 13 2 15 15
128 6 6 4 11 0 12 2 14 15
128 7 7 4 12 0 12 2 15 16
128 7 7 4 12 0 12 2 14 15
128 6 6 4 11 0 12 2 14 15
128 7 7 4 12 0 12 2 15 15
128 7 7 4 11 0 12 1 14 14
128 7 7 4 12 0 12 2 15 15
128 7 7 4 12 0 12 2 14 15
128 7 7 5 12 0 13 3 16 17
128 7 7 5 12 0 12 2 15 15
128 7 7 4 12 0 12 2 15 15
128 7 7 5 12 0 12 2 15 15
128 7 7 4 12 0 12 1 14 15
128 7 7 4 12 0 12 3 15 16
128 7 7 5 12 0 12 1 14 15
128 7 7 5 12 0 12 2 15 15
128 7 7 5 13 0 13 2 16 17
128 7 7 5 13 0 13 3 16 17
128 6 6 5 12 0 12 2 15 16
128 7 7 4 12 0 12 1 14 15
128 6 6 4 11 0 11 2 14 14
128 7 7 5 12 0 12 2 15 16
128 7 7 5 12 0 12 1 14 15
128 7 7 4 11 0 12 1 14 14
128 7 7 5 12 0 13 2 16 16
128 6 6 4 11 0 11 2 14 15
128 6 6 5 12 0 12 2 14 15
128 7 7 5 13 0 13 2 16 17
256 11 11 4 16 0 16 3 20 20
256 10 10 5 16 0 16 4 20 21
256 10 10 4 15 0 15 3 19 19
256 10 10 4 14 0 15 3 18 19
256 10 10 5 15 0 15 2 18 19
256 10 10 5 16 0 16 3 20 21
256 10 10 5 16 0 16 3 20 20
256 10 10 5 16 0 16 3 19 20
256 32 32 7 39 0 39 4 43 44
256 10 10 5 15 0 16 3 19 20
256 10 10 5 16 0 16 3 20 20
256 9 9 4 14 0 15 2 18 18
256 10 10 5 16 0 16 3 20 21
256 10 10 5 15 0 16 3 19 20
256 9 9 4 14 0 15 3 18 18
256 10 10 5 15 0 15 3 19 20
256 10 10 5 15 0 15 3 18 19
256 10 10 5 16 0 16 3 20 20
256 10 10 4 15 0 15 3 18 19
256 10 10 4 15 0 15 2 18 19
256 10 10 5 15 0 16 4 20 21
256 10 10 5 15 0 15 3 19 19
256 10 10 5 15 0 15 3 19 19
256 10 10 6 16 0 17 3 20 21
256 10 10 5 15 0 15 4 19 20
256 10 10 5 16 0 16 3 20 20
256 10 10 6 16 0 17 3 20 21
256 10 10 5 15 0 15 3 19 20
256 10 10 5 15 0 15 3 19 20
256 10 10 4 15 0 16 2 18 19
256 10 10 5 16 0 16 2 19 20
256 9 9 5 15 0 15 2 18 19
512 16 16 6 22 0 23 6 29 30
512 16 16 5 22 0 22 5 27 28
512 16 16 5 21 0 22 6 28 29
512 16 16 5 21 0 22 5 28 28
512 16 16 5 22 0 22 5 28 28
512 15 15 5 21 0 22 5 27 28
512 16 16 5 21 0 22 5 28 28
512 15 15 6 22 0 23 5 29 29
512 15 15 5 21 0 21 5 27 27
512 15 15 5 21 0 21 5 27 28
512 16 16 5 22 0 22 5 27 28
512 15 15 5 21 0 21 5 26 27
512 15 15 6 22 0 22 5 27 28
512 16 16 5 22 0 22 5 28 28
512 15 15 6 22 0 22 5 28 28
512 15 15 6 22 0 22 5 28 28
512 15 15 6 21 0 22 5 27 28
512 15 15 5 21 0 21 5 26 27
512 16 16 5 22 0 22 5 28 29
512 15 15 6 22 0 22 5 28 28
512 15 15 6 21 0 22 5 28 28
512 16 16 6 22 0 22 6 29 29
512 15 15 5 21 0 21 6 27 28
512 16 16 5 21 0 22 6 28 28
512 16 16 6 22 0 22 5 28 29
512 15 15 6 22 0 22 6 29 29
512 16 16 5 21 0 22 5 28 28
512 16 16 7 23 0 23 5 29 30
512 16 16 5 21 0 22 5 28 28
512 15 15 5 21 0 21 5 27 28
512 16 16 6 22 0 23 5 28 28
512 15 15 5 21 0 21 5 27 28
1024 25 25 7 33 0 33 10 44 44
1024 26 26 6 33 0 34 10 44 45
1024 26 26 7 33 0 33 10 44 44
1024 26 26 6 33 0 33 10 43 44
1024 26 26 6 33 0 33 10 43 44
1024 25 25 6 32 0 32 10 42 43
1024 26 26 7 34 0 34 9 44 44
1024 26 26 7 33 0 33 9 43 43
1024 26 26 7 34 0 34 10 44 45
1024 26 26 7 33 0 34 9 43 44
1024 26 26 7 34 0 34 10 44 45
1024 26 26 7 33 0 33 10 44 44
1024 26 26 6 33 0 33 10 44 44
1024 25 25 6 32 0 33 10 43 44
1024 25 25 6 32 0 32 9 42 43
1024 25 25 6 32 0 32 9 42 42
1024 24 24 7 32 0 32 10 42 43
1024 26 26 7 34 0 34 10 45 45
1024 25 25 7 32 0 33 10 43 44
1024 25 25 7 32 0 32 9 42 42
1024 25 25 6 31 0 32 9 42 42
1024 25 25 7 32 0 32 10 43 43
1024 25 25 6 31 0 32 9 42 42
1024 25 25 6 31 0 32 9 42 42
1024 24 24 6 31 0 32 9 42 42
1024 24 24 6 31 0 32 9 41 42
1024 26 26 7 34 0 34 10 45 45
1024 25 25 7 32 0 33 12 45 45
1024 25 25 6 32 0 33 10 43 44
1024 26 26 7 33 0 33 10 43 44
1024 25 25 7 33 0 33 9 43 43
1024 24 24 6 31 0 31 9 41 41
2048 48 48 9 58 0 59 20 79 80
2048 48 48 9 58 0 58 21 80 80
2048 49 49 10 59 0 59 22 82 83
2048 49 49 10 59 0 60 20 81 81
2048 48 48 10 59 0 59 21 81 81
2048 48 48 10 58 0 59 21 80 81
2048 47 47 10 57 0 58 21 79 80
2048 48 48 9 58 0 58 21 79 80
2048 48 48 9 58 0 58 21 79 80
2048 48 48 9 58 0 58 21 79 80
2048 48 48 9 58 0 58 20 79 80
2048 49 49 10 60 0 60 21 82 82
2048 49 49 10 59 0 60 22 82 82
2048 49 49 9 58 0 59 21 80 81
2048 48 48 11 59 0 59 21 80 81
2048 48 48 9 58 0 58 21 79 80
2048 48 48 9 58 0 58 21 80 80
2048 48 48 9 58 0 58 22 80 81
2048 49 49 11 60 0 61 22 83 84
2048 49 49 10 59 0 59 21 81 82
2048 49 49 11 60 0 60 22 82 83
2048 49 49 9 59 0 59 22 82 83
2048 49 49 9 59 0 59 20 80 81
2048 49 49 10 59 0 60 22 82 83
2048 49 49 10 59 0 60 21 81 81
2048 49 49 10 60 0 60 22 82 83
2048 48 48 10 59 0 60 21 81 82
2048 48 48 10 58 0 59 21 80 81
2048 48 48 10 59 0 59 21 80 81
2048 48 48 10 58 0 59 21 80 81
2048 49 49 10 59 0 60 21 81 82
2048 48 48 9 58 0 59 21 80 81
4096 93 93 16 109 0 110 44 154 155
4096 91 91 16 108 0 108 43 151 152
4096 93 93 16 110 0 110 43 154 155
4096 94 94 16 110 0 111 44 155 156
4096 93 93 16 110 0 111 43 154 155
4096 93 93 16 110 0 110 44 155 156
4096 93 93 16 109 0 109 44 154 155
4096 92 92 16 108 0 109 44 153 154
4096 93 93 16 110 0 110 44 154 155
4096 93 93 17 111 0 111 45 156 157
4096 93 93 16 110 0 110 45 155 156
4096 93 93 16 109 0 109 45 154 155
4096 93 93 16 110 0 110 43 154 155
4096 93 93 16 109 0 110 43 153 154
4096 93 93 16 109 0 110 44 154 155
4096 94 94 17 111 0 111 43 155 155
4096 92 92 16 109 0 109 44 153 154
4096 94 94 16 111 0 111 43 155 156
4096 93 93 16 109 0 109 44 154 154
4096 93 93 16 110 0 110 43 154 154
4096 93 93 16 110 0 110 44 155 155
4096 93 93 16 110 0 110 44 155 156
4096 93 93 16 110 0 110 43 154 154
4096 93 93 17 110 0 111 45 156 157
4096 93 93 16 109 0 110 44 155 155
4096 93 93 16 110 0 110 45 156 156
4096 94 94 16 110 0 110 44 155 156
4096 93 93 16 109 0 110 44 154 155
4096 93 93 16 110 0 111 43 154 154
4096 93 93 16 109 0 110 44 154 155
4096 93 93 16 110 0 110 43 153 154
4096 94 94 16 110 0 110 44 155 155
8192 185 185 31 216 0 216 101 317 327
8192 183 183 29 212 0 213 103 316 324
8192 184 184 30 215 0 215 101 317 324
8192 183 183 30 214 0 214 102 316 326
8192 183 183 30 214 0 214 101 315 323
8192 185 185 30 215 0 216 102 318 327
8192 184 184 31 215 0 216 102 318 326
8192 183 183 30 214 0 214 102 316 325
8192 184 184 31 215 0 215 101 317 324
8192 198 198 31 230 0 230 102 333 342
8192 184 184 30 215 0 215 101 317 326
8192 184 184 30 214 0 215 102 317 325
8192 183 183 30 213 0 213 102 316 323
8192 183 183 31 214 0 215 102 317 326
8192 185 185 30 216 0 216 101 318 326
8192 183 183 30 213 0 214 101 315 324
8192 184 184 30 214 0 215 101 316 325
8192 182 182 30 213 0 213 101 314 323
8192 183 183 30 213 0 214 101 316 325
8192 184 184 30 215 0 215 101 316 325
8192 192 192 32 224 0 225 100 325 334
8192 184 184 32 216 0 216 101 318 327
8192 184 184 31 215 0 216 101 317 326
8192 183 183 30 214 0 214 102 317 325
8192 184 184 31 215 0 215 101 317 325
8192 183 183 31 214 0 214 100 315 323
8192 182 182 29 212 0 212 101 313 322
8192 181 181 30 212 0 212 101 314 322
8192 184 184 31 215 0 216 102 318 327
8192 185 185 31 217 0 217 103 320 329
8192 184 184 31 215 0 216 102 318 326
8192 184 184 30 215 0 215 101 317 338
16384 363 363 55 418 0 419 235 654 672
16384 361 361 56 418 0 418 233 652 668
16384 358 358 54 412 0 412 238 651 667
16384 361 361 56 417 0 418 234 652 668
16384 361 361 56 417 0 418 231 650 664
16384 359 359 56 415 0 415 232 648 664
16384 362 362 55 417 0 418 253 671 690
16384 362 362 55 417 0 418 231 649 665
16384 361 361 55 417 0 418 232 650 666
16384 360 360 56 416 0 417 237 654 670
16384 370 370 54 425 0 425 231 657 674
16384 361 361 55 416 0 417 234 651 668
16384 357 357 54 412 0 412 231 644 659
16384 362 362 54 417 0 418 236 654 670
16384 363 363 57 420 0 420 236 657 672
16384 360 360 55 416 0 416 233 649 666
16384 360 360 56 417 0 417 235 652 669
16384 361 361 55 417 0 417 276 693 710
16384 359 359 55 415 0 415 231 647 663
16384 359 359 55 414 1 415 235 651 666
16384 358 358 54 413 0 413 235 648 664
16384 375 375 56 432 0 432 235 668 684
16384 359 359 55 414 0 414 234 649 664
16384 357 357 55 413 0 413 244 658 674
16384 361 361 55 417 0 417 242 659 676
16384 357 357 54 412 0 413 229 642 657
16384 360 360 55 415 0 416 236 652 668
16384 361 361 56 417 0 417 235 653 669
16384 359 359 55 415 0 415 248 664 681
16384 357 357 54 412 0 412 230 643 658
16384 361 361 55 416 0 416 232 649 665
16384 364 364 55 419 0 420 231 651 668
32768 726 726 113 839 0 840 552 1392 1422
32768 711 711 113 825 0 825 564 1390 1418
32768 722 722 115 838 0 838 546 1385 1413
32768 706 706 110 816 0 817 550 1367 1394
32768 713 713 122 836 0 836 556 1393 1421
32768 713 713 112 826 0 826 545 1371 1398
32768 707 707 111 818 0 818 588 1406 1443
32768 716 716 112 829 0 829 550 1380 1407
32768 712 712 112 824 0 825 543 1368 1397
32768 708 708 111 820 0 820 539 1360 1390
32768 710 710 116 827 0 827 556 1384 1414
32768 712 712 113 826 0 827 552 1379 1408
32768 709 709 111 821 0 821 537 1359 1385
32768 717 717 112 830 0 831 546 1377 1403
32768 710 710 112 822 0 822 547 1370 1399
32768 724 724 112 837 0 837 550 1388 1416
32768 709 709 110 819 0 820 548 1368 1395
32768 708 708 112 820 0 821 558 1379 1409
32768 713 713 112 826 0 826 550 1377 1406
32768 710 710 111 821 0 822 574 1396 1424
32768 712 712 115 827 0 828 557 1385 1412
32768 710 710 110 821 0 821 547 1368 1395
32768 710 710 113 823 0 824 559 1384 1411
32768 709 709 111 820 0 821 539 1360 1387
32768 718 718 113 832 0 832 545 1378 1404
32768 707 707 112 819 0 820 541 1362 1389
32768 717 717 111 829 0 830 561 1391 1420
32768 711 711 111 822 0 822 550 1373 1400
32768 711 711 122 833 0 834 547 1382 1410
32768 710 710 112 823 0 823 546 1369 1397
32768 707 707 112 820 0 820 565 1386 1416
32768 712 712 112 825 0 826 552 1379 1407
65536 1419 1419 223 1643 0 1643 1196 2839 2874
65536 1414 1414 214 1628 0 1629 1170 2799 2835
65536 1411 1411 214 1625 0 1626 1164 2791 2824
65536 1413 1413 216 1629 0 1630 1188 2818 2849
65536 1428 1428 215 1643 0 1644 1204 2849 2882
65536 1415 1415 215 1630 0 1631 1168 2800 2832
65536 1412 1412 215 1628 0 1628 1185 2813 2849
65536 1414 1414 217 1632 0 1632 1190 2822 2852
65536 1409 1409 213 1622 0 1622 1171 2794 2827
65536 1420 1420 216 1637 0 1638 1205 2843 2877
65536 1420 1420 214 1634 0 1635 1188 2823 2856
65536 1429 1429 219 1648 0 1649 1184 2833 2868
65536 1410 1410 216 1626 0 1627 1180 2807 2842
65536 1405 1405 210 1615 0 1616 1207 2824 2858
65536 1401 1401 213 1614 0 1615 1178 2793 2824
65536 1455 1455 216 1672 0 1673 1186 2860 2893
65536 1425 1425 218 1644 0 1645 1181 2826 2857
65536 1422 1422 215 1638 0 1639 1193 2832 2863
65536 1423 1423 212 1636 0 1636 1209 2846 2880
65536 1405 1405 212 1617 0 1618 1165 2783 2822
65536 1415 1415 219 1634 0 1635 1196 2831 2865
65536 1434 1434 217 1651 0 1652 1195 2847 2880
65536 1423 1423 217 1640 0 1640 1192 2832 2863
65536 1410 1410 213 1623 0 1624 1196 2820 2853
65536 1408 1408 217 1626 0 1627 1210 2837 2876
65536 1403 1403 214 1617 0 1618 1155 2773 2805
65536 1421 1421 218 1640 0 1641 1173 2815 2846
65536 1425 1425 216 1641 0 1642 1175 2817 2847
65536 1410 1410 216 1627 0 1627 1168 2796 2825
65536 1411 1411 213 1625 0 1625 1201 2827 2858
65536 1417 1417 214 1632 0 1633 1190 2823 2854
65536 1414 1414 215 1630 0 1631 1189 2820 2854
131072 2816 2816 433 3250 0 3251 2517 5769 5814
131072 2839 2839 420 3260 0 3261 2525 5786 5830
131072 2809 2809 416 3226 0 3226 2568 5795 5843
131072 2819 2819 416 3236 0 3237 2536 5773 5818
131072 2805 2805 423 3228 0 3229 2512 5742 5783
131072 2827 2827 429 3257 0 3257 2514 5772 5816
131072 2813 2813 412 3226 0 3227 2514 5741 5784
131072 2837 2837 421 3259 0 3260 2549 5810 5854
131072 2829 2829 420 3249 0 3250 2533 5783 5826
131072 2818 2818 418 3236 0 3237 2574 5812 5852
131072 2835 2835 416 3252 0 3253 2532 5786 5827
131072 2839 2839 429 3268 0 3269 2505 5775 5819
131072 2824 2824 434 3258 0 3259 2600 5859 5903
131072 2820 2820 414 3234 0 3235 2535 5770 5811
131072 2846 2846 418 3264 0 3265 2548 5814 5859
131072 2834 2834 428 3262 0 3263 2516 5780 5824
131072 2815 2815 419 3235 0 3236 2546 5782 5823
131072 2814 2814 432 3246 0 3247 2560 5808 5848
131072 2798 2798 424 3223 0 3223 2498 5722 5762
131072 2819 2819 427 3246 0 3247 2523 5771 5812
131072 2837 2837 430 3267 0 3268 2530 5799 5839
131072 2838 2838 430 3269 0 3270 2548 5818 5861
131072 2823 2823 431 3255 0 3255 2555 5811 5854
131072 2828 2828 428 3256 0 3257 2573 5830 5874
131072 2807 2807 426 3233 0 3234 2531 5765 5802
131072 2829 2829 430 3259 0 3260 2564 5825 5867
131072 2844 2844 424 3268 0 3269 2574 5844 5885
131072 2829 2829 428 3257 0 3258 2611 5869 5911
131072 2823 2823 422 3246 0 3247 2537 5785 5826
131072 2809 2809 416 3226 0 3226 2578 5805 5847
131072 2831 2831 422 3253 0 3254 2591 5845 5886
131072 2819 2819 426 3246 0 3247 2564 5811 5852
262144 5608 5608 832 6440 0 6441 5277 11719 11775
262144 5604 5604 835 6439 0 6440 5304 11745 11809
262144 5606 5606 842 6448 0 6449 5324 11773 11836
262144 5642 5642 854 6496 1 6498 5357 11855 11919
262144 5629 5629 876 6505 0 6506 5325 11832 11888
262144 5625 5625 860 6486 0 6487 5278 11765 11824
262144 5638 5638 835 6474 0 6475 5305 11780 11841
262144 5624 5624 834 6458 0 6458 5285 11744 11808
262144 5625 5625 865 6491 0 6492 5390 11883 11944
262144 5627 5627 868 6495 0 6496 5286 11782 11844
262144 5628 5628 858 6486 0 6487 5290 11777 11837
262144 5605 5605 852 6458 0 6459 5312 11771 11824
262144 5640 5640 859 6499 0 6500 5347 11848 11912
262144 5615 5615 864 6479 0 6480 5374 11855 11914
262144 5604 5604 839 6443 0 6444 5324 11768 11829
262144 5664 5664 845 6509 0 6510 5313 11823 11887
262144 5613 5613 871 6484 0 6485 5283 11769 11824
262144 5617 5617 854 6472 0 6472 5370 11843 11899
262144 5631 5631 860 6491 0 6492 5269 11761 11820
262144 5633 5633 867 6501 1 6502 5291 11793 11852
262144 5632 5632 867 6499 0 6500 5278 11779 11837
262144 5622 5622 856 6479 0 6480 5328 11808 11867
262144 5634 5634 835 6469 0 6470 5343 11813 11871
262144 5607 5607 834 6442 1 6443 5372 11816 11872
262144 5619 5619 853 6473 0 6473 5288 11762 11820
262144 5612 5612 871 6484 0 6485 5329 11814 11871
262144 5626 5626 853 6480 0 6480 5273 11754 11811
262144 5605 5605 844 6450 0 6451 5359 11810 11863
262144 5610 5610 844 6454 1 6455 5467 11922 11977
262144 5615 5615 858 6474 0 6475 5354 11829 11887
262144 5594 5594 857 6451 0 6452 5386 11839 11897
262144 5618 5618 841 6459 0 6460 5323 11783 11837
524288 11176 11176 1649 12826 0 12826 11881 24708 24793
524288 11214 11214 1663 12877 0 12878 11649 24528 24621
524288 11191 11191 1659 12851 0 12852 11629 24481 24569
524288 11232 11232 1664 12896 0 12897 11750 24647 24735
524288 11178 11178 1698 12877 0 12877 11689 24567 24650
524288 11230 11230 1726 12956 0 12957 11897 24855 24946
524288 11207 11207 1710 12917 0 12918 11637 24556 24616
524288 11199 11199 1676 12875 0 12876 12012 24889 24975
524288 11189 11189 1709 12899 0 12899 11696 24596 24677
524288 11209 11209 1700 12910 0 12911 11922 24833 24911
524288 11173 11173 1678 12851 0 12852 11977 24829 24908
524288 11208 11208 1688 12897 1 12898 12430 25328 25410
524288 11185 11185 1676 12861 0 12862 12300 25162 25241
524288 11167 11167 1650 12817 0 12818 12563 25382 25463
524288 11132 11132 1628 12760 0 12761 12153 24914 24990
524288 11188 11188 1665 12854 0 12854 12555 25410 25485
524288 11178 11178 1657 12836 0 12836 12338 25175 25250
524288 11132 11132 1633 12765 0 12766 12380 25146 25222
524288 11184 11184 1672 12856 0 12857 12361 25218 25297
524288 11183 11183 1670 12853 0 12854 12332 25186 25266
524288 11162 11162 1642 12804 0 12804 12364 25169 25248
524288 11162 11162 1628 12790 0 12791 12367 25158 25235
524288 11172 11172 1657 12829 0 12830 12183 25013 25092
524288 11156 11156 1671 12827 0 12828 12316 25145 25220
524288 11143 11143 1631 12775 0 12776 12374 25150 25229
524288 11150 11150 1624 12774 0 12775 12231 25006 25077
524288 11208 11208 1657 12866 0 12867 12337 25204 25286
524288 11174 11174 1654 12829 0 12829 12230 25060 25134
524288 11150 11150 1636 12787 0 12788 12438 25227 25306
524288 11152 11152 1629 12781 1 12783 12244 25027 25115
524288 11169 11169 1667 12836 0 12837 12338 25176 25248
524288 11139 11139 1638 12778 0 12779 12318 25097 25175
1048576 22257 22257 3285 25542 0 25543 25765 51308 51437
1048576 22358 22358 3299 25657 0 25658 26593 52251 52385
1048576 22438 22438 3341 25779 0 25780 26379 52160 52298
1048576 22384 22384 3298 25683 0 25684 26823 52507 52636
1048576 22305 22305 3255 25561 0 25562 26673 52235 52359
1048576 22282 22282 3266 25548 0 25549 26646 52196 52319
1048576 22261 22261 3255 25517 0 25517 26608 52125 52245
1048576 22286 22286 3270 25557 0 25558 26472 52031 52158
1048576 22296 22296 3251 25548 0 25549 26478 52027 52148
1048576 22257 22257 3277 25535 0 25536 26465 52001 52129
1048576 22230 22230 3263 25494 0 25494 26542 52037 52158
1048576 22296 22296 3254 25550 0 25551 26410 51961 52088
1048576 22254 22254 3274 25528 1 25530 26422 51952 52070
1048576 22287 22287 3257 25545 0 25546 26387 51933 52060
1048576 22259 22259 3244 25503 0 25504 26555 52060 52181
1048576 22519 22519 3351 25871 0 25872 26975 52848 52972
1048576 22472 22472 3345 25817 0 25818 26575 52394 52521
1048576 22439 22439 3346 25786 0 25787 26340 52127 52260
1048576 22382 22382 3308 25691 0 25692 26476 52168 52294
1048576 22313 22313 3277 25590 0 25591 26399 51991 52115
1048576 22279 22279 3273 25553 0 25554 26826 52380 52504
1048576 22245 22245 3263 25508 0 25509 26657 52166 52287
1048576 22302 22302 3266 25568 0 25569 26305 51874 51997
1048576 22274 22274 3270 25544 0 25545 26487 52032 52152
1048576 22281 22281 3254 25536 0 25537 26362 51899 52024
1048576 22268 22268 3242 25510 0 25511 26339 51850 51973
1048576 22278 22278 3261 25540 0 25541 26547 52088 52208
1048576 22254 22254 3258 25512 0 25513 26677 52191 52312
1048576 22299 22299 3258 25558 1 25559 26445 52004 52126
1048576 22285 22285 3233 25519 0 25519 25908 51428 51552
1048576 22267 22267 3276 25543 0 25544 26373 51918 52050
1048576 22309 22309 3309 25619 0 25619 26741 52361 52486
2097152 44604 44604 6645 51250 0 51251 57660 108911 109195
2097152 44890 44890 6730 51620 1 51621 57698 109319 109602
2097152 45099 45099 6784 51884 0 51885 58331 110216 110509
2097152 44988 44988 6745 51734 1 51735 57895 109631 109903
2097152 45284 45284 6958 52242 1 52243 58259 110503 110805
2097152 44963 44963 6799 51763 1 51764 57720 109485 109753
2097152 45068 45068 6786 51854 0 51855 58165 110021 110313
2097152 45037 45037 6751 51789 1 51790 58041 109832 110106
2097152 45031 45031 6845 51877 0 51878 57811 109689 109992
2097152 44916 44916 6812 51728 1 51729 57816 109545 109815
2097152 45134 45134 6793 51927 1 51929 57521 109450 109763
2097152 45022 45022 6762 51784 0 51785 57797 109583 109858
2097152 45068 45068 6787 51855 1 51856 57499 109355 109649
2097152 44998 44998 6729 51727 1 51729 58141 109870 110158
2097152 45116 45116 6800 51916 1 51917 58211 110128 110439
2097152 45008 45008 6794 51802 1 51803 58338 110141 110416
2097152 45061 45061 6799 51861 1 51862 57664 109527 109819
2097152 45038 45038 6738 51777 0 51777 58124 109902 110177
2097152 45054 45054 6858 51913 0 51914 58297 110211 110504
2097152 44960 44960 6801 51762 1 51763 57588 109351 109617
2097152 45146 45146 6789 51935 1 51936 57762 109698 109992
2097152 45043 45043 6771 51814 1 51815 57627 109442 109715
2097152 45096 45096 6786 51882 0 51883 57861 109744 110038
2097152 44995 44995 6751 51746 1 51748 57584 109332 109611
2097152 45127 45127 6808 51935 1 51936 57908 109845 110138
2097152 44998 44998 6795 51794 1 51795 57516 109311 109588
2097152 45096 45096 6798 51894 0 51895 57932 109827 110128
2097152 45045 45045 6750 51796 1 51797 58111 109908 110181
2097152 45077 45077 6857 51935 0 51936 57907 109843 110138
2097152 44923 44923 6798 51721 1 51722 57637 109360 109626
2097152 45139 45139 6789 51929 1 51930 57692 109622 109920
2097152 45040 45040 6808 51848 0 51849 57477 109326 109610
4194304 90157 90157 13725 103883 1 103884 129750 233635 234336
4194304 90109 90109 14163 104272 1 104274 127818 232093 232748
4194304 90292 90292 13734 104027 1 104028 130151 234180 234946
4194304 90270 90270 14601 104871 1 104873 128606 233479 234156
4194304 90443 90443 14677 105120 0 105121 128337 233459 234210
4194304 90202 90202 14681 104884 1 104886 128702 233588 234354
4194304 90428 90428 14727 105156 1 105157 129041 234199 235001
4194304 90261 90261 14674 104936 1 104937 128345 233282 234031
4194304 90578 90578 14801 105380 1 105382 128710 234092 234926
4194304 90294 90294 13677 103972 1 103973 128417 232390 233196
4194304 90563 90563 14714 105277 1 105279 127471 232750 233633
4194304 90425 90425 14887 105313 1 105314 127985 233299 234114
4194304 90572 90572 14760 105332 1 105333 128389 233723 234567
4194304 90477 90477 14733 105211 1 105212 128254 233467 234262
4194304 90584 90584 14819 105403 1 105404 128356 233761 234571
4194304 90462 90462 14827 105289 1 105291 128871 234162 234986
4194304 90659 90659 14733 105392 1 105393 127780 233174 234007
4194304 90232 90232 13837 104070 1 104072 128272 232344 233151
4194304 90433 90433 14364 104797 1 104798 127981 232780 233594
4194304 90581 90581 14825 105407 1 105408 127862 233270 234119
4194304 90395 90395 14844 105239 1 105240 130101 235342 236192
4194304 90453 90453 14171 104624 1 104626 128438 233065 233923
4194304 90427 90427 14830 105258 1 105259 127977 233237 234056
4194304 90637 90637 14771 105408 1 105410 129659 235069 235892
4194304 90469 90469 14155 104625 1 104626 128368 232995 233822
4194304 90597 90597 14783 105380 0 105381 128441 233823 234662
4194304 90501 90501 14747 105248 1 105249 128046 233296 234131
4194304 90576 90576 14842 105419 1 105421 128568 233990 234876
4194304 90476 90476 14780 105256 1 105257 128577 233834 234689
4194304 90584 90584 14805 105390 1 105391 128366 233757 234594
4194304 90515 90515 14746 105261 1 105262 128353 233616 234476
4194304 90608 90608 14837 105446 1 105447 128552 233999 234852
8388608 180938 180938 28522 209461 1 209462 321000 530463 532228
8388608 181107 181107 29989 211097 1 211098 320672 531771 533587
8388608 180711 180711 30260 210972 1 210973 328506 539479 541244
8388608 180979 180979 30357 211337 1 211338 320707 532046 533823
8388608 181022 181022 30402 211425 1 211426 323137 534564 536375
8388608 180943 180943 30699 211643 1 211645 326048 537693 539443
8388608 180743 180743 30904 211648 1 211650 323188 534838 536587
8388608 180899 180899 31056 211956 1 211957 323282 535240 537146
8388608 180722 180722 31080 211802 1 211803 325350 537154 538950
8388608 181049 181049 31057 212106 1 212108 327619 539727 541502
8388608 180829 180829 31191 212021 1 212023 324059 536083 537894
8388608 180851 180851 31224 212076 1 212078 323950 536028 537814
8388608 180792 180792 31243 212035 1 212037 324682 536720 538483
8388608 181018 181018 31104 212123 1 212125 331487 543612 545451
8388608 180758 180758 31335 212093 1 212095 327231 539326 541046
8388608 180661 180661 31471 212132 1 212133 326293 538427 540213
8388608 180882 180882 31447 212330 1 212331 325745 538076 539871
8388608 181064 181064 31508 212573 1 212574 331499 544074 545888
8388608 180516 180516 31463 211979 1 211981 323669 535651 537443
8388608 181003 181003 31416 212420 1 212421 325125 537546 539338
8388608 180804 180804 31524 212328 1 212330 326485 538816 540644
8388608 181383 181383 32147 213530 1 213532 328084 541616 543423
8388608 180842 180842 31535 212377 1 212379 332853 545232 547047
8388608 180671 180671 31684 212355 1 212357 325088 537446 539279
8388608 180803 180803 31514 212318 1 212320 329901 542222 544004
8388608 181006 181006 31537 212543 1 212545 326986 539531 541359
8388608 180858 180858 31499 212357 1 212359 327911 540270 542129
8388608 180875 180875 31616 212492 1 212493 328049 540543 542343
8388608 180746 180746 31503 212249 1 212251 325963 538215 539985
8388608 180730 180730 31555 212286 1 212287 328564 540852 542683
8388608 180585 180585 31536 212122 1 212123 325390 537514 539330
8388608 180909 180909 31644 212554 1 212555 328806 541362 543184
16777216 362037 362037 63255 425292 1 425294 743896 1169190 1172222
16777216 362314 362314 63427 425741 1 425743 749297 1175040 1178198
16777216 362694 362694 65059 427754 1 427755 751072 1178828 1181949
16777216 361805 361805 65055 426861 1 426862 745101 1171963 1175266
16777216 362795 362795 64953 427749 1 427750 757588 1185339 1188585
16777216 362096 362096 64906 427003 1 427004 752955 1179959 1183188
16777216 362107 362107 65079 427187 1 427188 749034 1176222 1179469
16777216 362284 362284 64846 427130 1 427132 754667 1181800 1185034
16777216 362735 362735 65071 427806 1 427808 752078 1179886 1183205
16777216 362214 362214 65172 427387 1 427388 746278 1173667 1176924
16777216 362598 362598 64826 427424 1 427426 751865 1179291 1182595
16777216 362350 362350 64915 427265 1 427267 753890 1181157 1184437
16777216 362419 362419 65021 427440 2 427442 746731 1174174 1177425
16777216 362118 362118 64736 426855 1 426856 749387 1176243 1179474
16777216 362411 362411 65133 427544 1 427546 749590 1177136 1180447
16777216 361999 361999 65059 427059 1 427060 748856 1175917 1179162
16777216 362626 362626 64919 427545 1 427547 751434 1178982 1182222
16777216 362259 362259 64943 427203 1 427205 749825 1177031 1180320
16777216 362688 362688 65081 427769 1 427771 745804 1173576 1176821
16777216 362257 362257 64761 427019 1 427021 748597 1175618 1178864
16777216 362583 362583 65108 427692 1 427693 747733 1175427 1178762
16777216 361730 361730 64651 426381 1 426383 749892 1176275 1179509
16777216 362765 362765 64860 427626 1 427627 749226 1176853 1180126
16777216 361824 361824 64994 426819 1 426820 748445 1175266 1178599
16777216 362542 362542 65114 427656 1 427658 748515 1176173 1179490
16777216 361995 361995 64565 426560 2 426563 748075 1174638 1177866
16777216 362534 362534 65074 427608 1 427610 750016 1177627 1180916
16777216 361964 361964 65020 426984 2 426986 754339 1181326 1184599
16777216 362430 362430 64830 427260 1 427262 748617 1175880 1179152
16777216 362422 362422 64984 427407 1 427409 751831 1179241 1182528
16777216 362085 362085 64228 426314 1 426316 748717 1175033 1178341
16777216 362094 362094 64673 426768 1 426769 753388 1180158 1183505
33554432 724374 724374 128530 852904 1 852906 1813285 2666192 2672106
33554432 726073 726073 128652 854725 1 854727 1748364 2603092 2609160
33554432 724975 724975 128330 853306 1 853308 1713076 2566385 2572172
33554432 725582 725582 128871 854454 2 854456 1724465 2578921 2584765
33554432 725410 725410 128175 853586 2 853588 1767009 2620598 2626596
33554432 726174 726174 129269 855444 2 855446 1733449 2588895 2594786
33554432 725404 725404 128841 854246 1 854248 1731827 2586075 2591919
33554432 725889 725889 129364 855253 1 855255 1735006 2590262 2596317
33554432 724666 724666 128710 853377 2 853380 1726278 2579658 2585472
33554432 725111 725111 129184 854296 1 854298 1736891 2591190 2597118
33554432 725598 725598 128754 854353 1 854355 1722551 2576907 2582689
33554432 725319 725319 129134 854454 2 854456 1731752 2586209 2592123
33554432 725222 725222 128677 853900 2 853902 1714910 2568813 2574739
33554432 725817 725817 129062 854879 2 854881 1765548 2620429 2626369
33554432 724839 724839 128900 853740 2 853742 1743490 2597232 2603028
33554432 726016 726016 129042 855058 2 855060 1741210 2596271 2602232
33554432 725069 725069 128799 853869 1 853870 1745095 2598966 2604842
33554432 725774 725774 129148 854922 2 854924 1730440 2585364 2591268
33554432 724316 724316 129174 853491 2 853493 1727657 2581150 2586974
33554432 725933 725933 129163 855096 2 855099 1726376 2581475 2587420
33554432 724405 724405 129184 853589 2 853591 1724735 2578327 2584230
33554432 726391 726391 129124 855516 1 855518 1741452 2596971 2602873
33554432 725249 725249 128108 853358 2 853360 1730134 2583495 2589350
33554432 725860 725860 129241 855101 1 855103 1727340 2582443 2588410
33554432 724741 724741 129048 853790 1 853792 1728205 2581997 2587853
33554432 726362 726362 129029 855392 1 855394 1738962 2594356 2600271
33554432 724814 724814 129347 854161 1 854163 1729505 2583669 2589559
33554432 725556 725556 129193 854750 2 854752 1729905 2584657 2590493
33554432 724866 724866 129037 853903 1 853905 1757163 2611068 2616979
33554432 725756 725756 129359 855115 2 855117 1738546 2593664 2599558
33554432 724906 724906 129063 853970 1 853971 1731197 2585169 2591031
33554432 725625 725625 129230 854855 1 854857 1758597 2613454 2619441
