8 5 5 7 13 0 13 0 14 14
8 3 3 4 8 0 9 0 9 9
8 3 3 5 9 0 9 0 9 10
8 3 3 4 7 0 8 0 8 9
8 3 3 5 9 0 9 0 9 10
8 3 3 4 8 0 8 0 9 9
8 3 3 5 9 0 9 0 10 10
8 3 3 5 9 0 9 0 9 10
8 3 3 5 8 0 9 0 9 10
8 3 3 4 7 0 7 0 8 8
8 3 3 4 7 0 8 0 8 8
8 3 3 5 9 0 9 0 9 10
8 3 3 5 8 0 9 0 9 10
8 3 3 4 8 0 8 0 9 9
8 3 3 5 8 0 9 0 9 9
8 3 3 4 8 0 8 0 8 9
8 3 3 4 8 0 9 0 9 10
8 3 3 4 7 0 8 0 8 8
8 3 3 4 8 0 8 0 8 9
8 3 3 4 7 0 7 0 8 8
8 3 3 4 7 0 8 0 8 8
8 3 3 4 8 0 8 0 8 9
8 3 3 4 7 0 8 0 8 8
8 3 3 5 8 0 9 0 9 9
8 3 3 4 8 0 8 0 8 9
8 3 3 5 8 0 8 0 9 9
8 3 3 5 8 0 9 0 9 9
8 3 3 5 9 0 9 0 10 10
8 3 3 5 9 0 9 0 9 10
8 3 3 4 8 0 8 0 8 9
8 3 3 4 8 0 8 0 8 9
8 3 3 4 8 0 8 0 9 9
16 4 4 5 9 0 9 0 9 10
16 3 3 5 8 0 9 0 9 10
16 3 3 4 8 0 8 0 9 9
16 4 4 4 8 0 9 0 9 10
16 3 3 4 8 0 9 0 9 9
16 3 3 5 9 0 9 0 9 10
16 4 4 4 8 0 8 0 9 9
16 4 4 5 9 0 9 0 10 10
16 3 3 4 8 0 8 0 9 9
16 3 3 4 8 0 8 0 9 9
16 4 4 5 9 0 9 0 9 10
16 4 4 4 9 0 9 0 9 10
16 4 4 4 9 0 9 0 9 10
16 3 3 4 8 0 8 0 8 9
16 4 4 4 8 0 9 0 9 10
16 3 3 4 8 0 8 0 8 9
16 3 3 4 8 0 9 0 9 10
16 3 3 4 8 0 8 0 8 9
16 4 4 4 9 0 9 0 9 10
16 4 4 5 9 0 9 0 9 10
16 3 3 5 9 0 9 0 9 10
16 3 3 14 18 0 18 0 19 19
16 4 4 5 9 0 9 0 9 10
16 3 3 4 8 0 8 0 9 9
16 4 4 4 9 0 9 0 10 10
16 4 4 5 9 0 10 0 10 11
16 4 4 4 8 0 9 0 9 10
16 3 3 4 8 0 8 0 9 9
16 3 3 4 8 0 8 0 8 9
16 4 4 4 8 0 9 0 9 10
16 4 4 28 33 0 33 0 33 34
16 4 4 4 8 0 9 0 9 9
32 4 4 4 9 0 9 0 10 10
32 5 5 4 10 0 10 0 10 11
32 4 4 4 9 0 9 0 10 10
32 4 4 4 9 0 9 0 10 10
32 4 4 4 9 0 9 0 10 10
32 4 4 5 9 0 9 0 10 10
32 4 4 4 8 0 9 0 9 10
32 4 4 5 10 0 10 0 11 11
32 4 4 5 9 0 10 0 10 10
32 5 5 4 9 0 9 0 10 10
32 4 4 4 9 0 10 0 10 11
32 4 4 4 9 0 9 0 9 10
32 4 4 4 8 0 9 0 9 9
32 4 4 4 9 0 9 0 9 10
32 4 4 5 9 0 9 0 10 10
32 4 4 5 9 0 10 0 10 11
32 5 5 5 10 0 10 0 11 11
32 4 4 4 8 0 9 0 9 10
32 4 4 4 9 0 10 0 10 11
32 4 4 4 8 0 8 0 9 9
32 4 4 4 9 0 9 0 9 10
32 4 4 4 8 0 9 0 9 10
32 4 4 4 8 0 8 0 9 9
32 4 4 4 8 0 9 0 9 9
32 3 3 3 7 0 8 0 8 8
32 4 4 4 9 0 9 0 9 10
32 4 4 4 9 0 9 0 9 10
32 4 4 4 8 0 9 0 9 10
32 4 4 4 9 0 9 0 9 10
32 4 4 4 9 0 9 0 9 10
32 3 3 4 7 0 8 0 8 9
32 4 4 4 8 0 8 0 9 9
64 5 5 4 10 0 10 0 11 11
64 5 5 4 9 0 10 0 10 11
64 5 5 4 9 0 9 0 10 10
64 5 5 4 9 0 10 0 10 10
64 6 6 4 10 0 10 0 11 11
64 5 5 4 9 0 9 0 10 10
64 5 5 4 10 0 10 0 11 11
64 5 5 4 10 0 10 0 10 11
64 4 4 4 9 0 9 0 10 10
64 4 4 4 9 0 9 0 9 10
64 4 4 4 9 0 9 0 10 10
64 4 4 4 9 0 9 0 10 10
64 5 5 4 9 0 9 0 10 10
64 5 5 4 10 0 10 0 11 11
64 5 5 4 10 0 10 0 11 11
64 5 5 4 9 0 10 0 10 11
64 5 5 4 10 0 10 0 11 11
64 5 5 5 10 0 11 0 11 12
64 5 5 4 9 0 10 0 10 11
64 5 5 4 10 0 10 0 11 11
64 5 5 4 10 0 10 0 10 11
64 5 5 4 9 0 10 0 10 11
64 5 5 4 10 0 11 0 11 11
64 5 5 4 9 0 9 0 10 10
64 5 5 4 9 0 9 0 10 10
64 5 5 5 11 0 11 0 11 12
64 5 5 4 10 0 10 0 11 11
64 5 5 4 9 0 9 0 10 10
64 5 5 4 9 0 9 0 10 10
64 5 5 4 9 0 9 0 10 10
64 5 5 4 9 0 10 0 10 10
64 7 7 4 11 0 12 0 12 13
128 7 7 4 11 0 12 0 13 13
128 7 7 4 12 0 12 0 13 13
128 6 6 4 11 0 11 0 12 13
128 7 7 4 12 0 12 0 13 13
128 7 7 5 12 0 13 0 13 14
128 7 7 4 11 0 11 0 12 13
128 7 7 5 12 0 13 0 14 14
128 7 7 4 12 0 12 0 13 13
128 7 7 5 12 0 12 0 13 14
128 7 7 4 12 0 12 0 13 13
128 7 7 4 12 0 12 0 13 13
128 7 7 5 12 0 13 0 14 14
128 7 7 4 11 0 12 0 13 13
128 8 8 4 12 0 13 0 14 14
128 7 7 5 12 0 12 0 13 14
128 7 7 4 11 0 12 0 13 13
128 7 7 4 12 0 12 0 13 14
128 7 7 4 11 0 12 0 12 13
128 7 7 4 11 0 11 0 12 13
128 7 7 4 12 0 12 0 13 13
128 7 7 4 12 0 12 0 13 13
128 7 7 4 11 0 12 0 13 13
128 7 7 4 11 0 11 0 12 13
128 7 7 5 12 0 13 0 14 14
128 7 7 4 11 0 11 0 12 13
128 7 7 4 12 0 12 0 13 14
128 7 7 4 12 0 12 0 13 13
128 7 7 5 13 0 13 0 14 14
128 7 7 4 12 0 12 0 13 14
128 7 7 5 12 0 13 0 13 14
128 8 8 4 12 0 13 0 14 14
128 7 7 4 11 0 12 0 12 13
256 11 11 5 16 0 17 1 18 19
256 11 11 5 16 0 16 1 18 18
256 10 10 5 15 0 15 1 17 18
256 10 10 4 15 0 15 1 17 17
256 10 10 5 15 0 15 1 17 18
256 10 10 5 15 0 15 1 17 18
256 10 10 5 15 0 16 1 17 18
256 10 10 5 15 0 16 1 17 18
256 10 10 5 15 0 16 1 17 18
256 10 10 4 15 0 15 1 17 17
256 10 10 4 15 0 16 1 17 18
256 29 29 4 34 0 34 1 36 37
256 10 10 5 16 0 16 1 18 19
256 9 9 5 14 0 14 1 16 17
256 10 10 5 15 0 15 1 17 18
256 10 10 4 15 0 15 1 17 17
256 10 10 6 16 0 16 1 18 19
256 10 10 5 15 0 16 1 17 18
256 10 10 5 15 0 16 1 17 18
256 10 10 5 16 0 16 1 18 18
256 10 10 4 15 0 15 1 17 17
256 9 9 4 14 0 14 1 16 16
256 10 10 5 16 0 16 1 18 18
256 10 10 4 15 0 15 1 16 17
256 9 9 5 15 0 15 1 17 17
256 10 10 5 15 0 15 1 17 18
256 10 10 5 15 0 15 1 17 18
256 9 9 4 14 0 15 1 16 17
256 10 10 5 15 0 15 1 17 17
256 10 10 4 14 0 15 1 16 17
256 10 10 5 15 0 16 1 17 18
256 10 10 4 15 0 16 1 17 18
512 16 16 6 22 0 23 3 26 27
512 16 16 5 21 0 22 3 25 26
512 16 16 5 22 0 22 3 25 26
512 16 16 6 22 0 23 3 26 27
512 16 16 5 22 0 22 3 25 26
512 16 16 5 22 0 22 3 25 26
512 16 16 5 22 0 22 3 25 26
512 15 15 6 21 0 22 3 25 25
512 16 16 6 23 0 23 3 26 27
512 15 15 5 21 0 21 3 25 25
512 16 16 5 22 0 22 3 25 26
512 16 16 5 22 0 22 3 25 26
512 15 15 5 21 0 21 3 24 25
512 16 16 5 22 0 22 3 25 26
512 16 16 5 22 0 22 3 25 26
512 16 16 6 22 0 23 3 26 27
512 15 15 6 21 0 21 3 25 25
512 16 16 5 22 0 22 3 25 26
512 16 16 5 22 0 22 3 25 26
512 16 16 5 21 0 21 3 24 25
512 16 16 5 22 0 22 3 25 26
512 15 15 5 21 0 21 3 24 25
512 16 16 6 22 0 22 3 26 26
512 16 16 6 23 0 23 3 26 27
512 16 16 6 22 0 22 3 25 26
512 16 16 5 22 0 22 3 25 26
512 16 16 5 21 0 21 3 25 25
512 16 16 5 22 0 22 3 25 26
512 15 15 5 20 0 20 3 24 24
512 16 16 5 22 0 22 3 26 26
512 15 15 6 22 0 22 3 25 26
512 16 16 5 22 0 22 3 25 26
1024 27 27 7 34 0 35 7 42 43
1024 27 27 6 34 0 34 6 41 41
1024 26 26 7 33 0 33 6 40 41
1024 26 26 6 33 0 33 6 40 41
1024 26 26 6 33 0 33 6 40 41
1024 26 26 7 34 0 34 7 41 42
1024 26 26 7 33 0 33 7 40 41
1024 26 26 6 33 0 33 7 40 41
1024 26 26 7 34 0 34 6 41 42
1024 27 27 6 34 0 34 6 41 42
1024 27 27 8 35 0 35 7 43 43
1024 26 26 7 33 0 33 6 40 41
1024 26 26 7 34 0 34 6 41 41
1024 26 26 7 33 0 34 7 41 41
1024 25 25 6 32 0 33 6 40 40
1024 26 26 7 33 0 34 7 41 41
1024 26 26 7 33 0 33 6 40 41
1024 26 26 7 34 0 34 6 41 41
1024 27 27 7 35 0 35 7 42 43
1024 27 27 7 34 0 34 6 41 42
1024 26 26 6 33 0 33 6 40 40
1024 26 26 6 32 0 33 6 40 40
1024 25 25 6 32 0 32 6 39 40
1024 26 26 7 34 0 34 6 41 42
1024 26 26 7 34 0 34 6 41 41
1024 27 27 7 34 0 34 6 41 41
1024 26 26 7 34 0 34 6 41 42
1024 26 26 7 34 0 34 7 41 42
1024 27 27 7 34 0 34 6 41 42
1024 26 26 7 34 0 34 6 41 42
1024 27 27 7 34 0 34 6 41 42
1024 26 26 7 34 0 34 6 41 41
2048 49 49 10 59 0 59 14 74 75
2048 50 50 10 60 0 61 15 76 77
2048 50 50 10 60 0 60 15 75 76
2048 50 50 9 60 0 60 15 75 76
2048 50 50 10 60 0 60 15 75 76
2048 50 50 9 60 0 60 15 75 76
2048 49 49 9 59 0 59 15 74 75
2048 49 49 9 59 0 59 14 74 75
2048 50 50 10 60 0 60 15 76 76
2048 51 51 11 62 0 63 15 79 79
2048 49 49 9 59 0 59 15 75 75
2048 66 66 10 76 0 76 15 91 92
2048 50 50 9 60 0 60 15 75 76
2048 49 49 9 59 0 60 15 75 75
2048 50 50 9 59 0 60 15 75 76
2048 50 50 11 62 0 62 15 77 78
2048 50 50 10 60 0 60 15 75 76
2048 50 50 9 60 0 60 15 75 76
2048 50 50 9 60 0 60 15 76 76
2048 58 58 10 68 0 69 15 84 85
2048 49 49 10 60 0 60 15 75 76
2048 49 49 10 60 0 60 15 75 76
2048 49 49 9 58 0 59 15 74 75
2048 50 50 9 59 0 60 15 75 76
2048 50 50 10 60 0 60 15 76 77
2048 49 49 9 59 0 59 15 75 75
2048 50 50 9 60 0 60 15 75 76
2048 50 50 49 99 0 100 15 115 115
2048 50 50 9 60 0 60 15 76 76
2048 51 51 10 61 0 61 14 76 77
2048 50 50 9 60 0 60 15 75 76
2048 50 50 10 60 0 61 15 76 77
4096 94 94 16 111 0 111 37 149 149
4096 95 95 16 111 0 111 34 145 146
4096 96 96 16 113 0 113 34 148 148
4096 96 96 16 113 0 113 34 147 148
4096 94 94 16 111 0 111 33 145 145
4096 94 94 16 110 0 110 35 145 146
4096 95 95 16 111 0 111 34 146 147
4096 94 94 15 110 0 111 35 146 146
4096 95 95 17 112 0 112 34 147 147
4096 94 94 17 111 0 111 34 146 147
4096 95 95 16 111 0 111 34 146 146
4096 93 93 15 109 0 109 34 144 144
4096 95 95 16 111 0 111 34 145 146
4096 95 95 16 112 0 112 34 146 147
4096 95 95 17 113 0 113 34 147 148
4096 94 94 16 110 0 111 34 146 146
4096 94 94 16 110 0 110 47 158 158
4096 95 95 16 111 0 111 34 146 146
4096 95 95 15 111 0 111 37 149 150
4096 95 95 16 112 0 112 34 147 147
4096 94 94 16 110 0 111 35 146 146
4096 94 94 16 110 0 110 35 146 146
4096 94 94 16 110 0 111 34 146 146
4096 94 94 15 110 0 110 35 146 146
4096 96 96 17 113 0 114 34 148 148
4096 94 94 16 111 0 111 34 146 146
4096 95 95 15 110 0 111 34 145 146
4096 94 94 16 110 0 110 34 145 145
4096 95 95 16 111 0 112 34 147 147
4096 95 95 15 111 0 111 34 145 146
4096 95 95 16 111 0 112 34 146 147
4096 94 94 16 111 0 111 33 145 146
8192 186 186 30 216 0 217 76 293 294
8192 186 186 29 215 0 215 77 292 293
8192 186 186 29 216 0 216 77 294 294
8192 186 186 29 215 0 215 77 293 294
8192 196 196 29 225 0 225 76 301 303
8192 187 187 29 217 0 217 76 294 294
8192 187 187 29 216 0 217 77 294 294
8192 186 186 29 216 0 216 77 294 294
8192 186 186 29 216 0 216 77 294 295
8192 184 184 30 215 0 215 77 292 293
8192 184 184 28 213 0 213 76 290 290
8192 186 186 29 215 0 216 77 293 294
8192 185 185 29 214 0 214 77 292 292
8192 185 185 30 215 0 216 76 292 293
8192 186 186 29 215 0 216 82 299 299
8192 238 238 30 269 0 269 77 346 347
8192 186 186 29 216 0 217 77 294 295
8192 185 185 29 215 0 215 79 295 295
8192 185 185 29 214 0 214 76 291 291
8192 184 184 29 213 0 214 76 291 291
8192 186 186 29 216 0 216 76 293 293
8192 185 185 29 214 0 214 76 291 292
8192 186 186 29 215 0 216 77 293 294
8192 186 186 29 215 0 215 76 292 292
8192 186 186 29 215 0 216 78 294 294
8192 186 186 30 216 0 216 78 295 295
8192 185 185 29 215 0 216 84 301 301
8192 187 187 30 218 0 218 76 294 295
8192 185 185 29 215 0 215 78 293 294
8192 185 185 29 214 0 215 77 292 292
8192 186 186 29 215 0 216 76 292 293
8192 186 186 29 215 0 215 77 293 293
16384 368 368 54 422 0 423 223 646 666
16384 368 368 57 425 0 425 221 647 665
16384 368 368 54 423 0 423 229 652 672
16384 368 368 55 424 0 424 221 645 663
16384 369 369 57 426 0 426 220 647 666
16384 369 369 58 427 0 428 225 653 673
16384 367 367 55 422 0 423 222 645 662
16384 376 376 55 432 0 433 223 657 678
16384 370 370 57 428 0 428 227 656 674
16384 367 367 54 422 0 422 221 643 670
16384 369 369 55 424 0 425 227 652 671
16384 369 369 56 426 0 426 222 648 667
16384 369 369 56 426 0 426 222 648 667
16384 371 371 55 427 0 428 222 650 670
16384 370 370 54 425 0 425 234 660 680
16384 366 366 55 421 0 421 222 644 661
16384 368 368 54 423 0 424 227 651 671
16384 367 367 56 423 0 423 225 649 667
16384 376 376 56 432 0 433 221 654 674
16384 367 367 55 423 0 423 223 646 665
16384 369 369 55 424 0 425 220 645 665
16384 368 368 54 423 0 423 221 644 664
16384 370 370 55 425 0 426 223 649 669
16384 368 368 54 423 0 423 221 645 663
16384 367 367 55 422 0 423 221 644 663
16384 368 368 57 426 0 427 236 663 683
16384 368 368 55 423 0 424 221 645 664
16384 369 369 55 425 0 425 222 648 667
16384 369 369 55 425 0 425 222 648 667
16384 378 378 57 435 0 435 225 661 680
16384 366 366 55 422 0 422 220 642 660
16384 371 371 55 427 0 427 227 655 675
32768 723 723 107 831 0 832 561 1393 1426
32768 723 723 110 834 0 834 520 1354 1388
32768 727 727 109 836 0 837 534 1371 1404
32768 728 728 111 839 0 840 518 1359 1394
32768 728 728 109 837 0 838 527 1366 1398
32768 730 730 108 839 0 839 539 1379 1410
32768 728 728 110 838 0 839 523 1362 1392
32768 731 731 110 841 0 842 521 1364 1395
32768 726 726 108 835 0 835 518 1354 1386
32768 739 739 111 850 0 851 518 1369 1403
32768 727 727 108 836 0 836 528 1365 1398
32768 727 727 116 843 0 844 527 1372 1403
32768 727 727 107 835 0 835 524 1360 1390
32768 728 728 108 836 0 837 528 1366 1400
32768 722 722 106 829 0 829 529 1359 1390
32768 729 729 108 837 0 838 527 1366 1398
32768 724 724 109 833 0 834 519 1353 1385
32768 723 723 107 830 0 831 521 1352 1384
32768 730 730 108 839 0 839 534 1374 1402
32768 726 726 108 835 0 835 521 1356 1388
32768 740 740 110 850 0 851 526 1377 1411
32768 728 728 110 839 0 839 519 1358 1389
32768 737 737 111 848 0 849 522 1371 1405
32768 723 723 108 832 0 832 514 1347 1380
32768 726 726 110 836 0 837 527 1364 1399
32768 724 724 108 833 0 834 519 1353 1387
32768 730 730 109 839 0 840 518 1358 1389
32768 727 727 108 836 0 836 524 1360 1391
32768 726 726 109 835 0 835 519 1355 1386
32768 725 725 108 833 0 834 519 1353 1383
32768 729 729 110 840 0 840 522 1363 1394
32768 764 764 110 875 0 875 520 1396 1426
65536 1432 1432 210 1642 0 1643 1355 2998 3041
65536 1429 1429 214 1644 0 1645 1354 2999 3041
65536 1429 1429 212 1641 0 1641 1365 3007 3046
65536 1444 1444 213 1657 0 1658 1346 3005 3047
65536 1443 1443 211 1655 0 1655 1348 3004 3047
65536 1443 1443 214 1657 0 1657 1354 3012 3057
65536 1441 1441 226 1668 0 1668 1348 3017 3057
65536 1433 1433 212 1646 0 1646 1359 3006 3051
65536 1435 1435 214 1649 0 1650 1380 3030 3074
65536 1426 1426 211 1637 0 1638 1344 2983 3026
65536 1437 1437 213 1650 0 1651 1350 3001 3043
65536 1436 1436 211 1648 0 1648 1342 2991 3032
65536 1446 1446 213 1660 0 1660 1363 3023 3065
65536 1440 1440 213 1653 0 1654 1320 2974 3013
65536 1437 1437 214 1651 0 1652 1370 3023 3065
65536 1437 1437 216 1654 0 1655 1376 3032 3096
65536 1439 1439 211 1651 0 1651 1354 3006 3046
65536 1435 1435 219 1655 0 1655 1372 3028 3072
65536 1431 1431 211 1642 0 1643 1330 2973 3016
65536 1443 1443 213 1657 0 1657 1359 3017 3057
65536 1440 1440 214 1655 0 1655 1329 2984 3023
65536 1446 1446 214 1660 0 1661 1333 2995 3036
65536 1432 1432 209 1641 0 1642 1352 2994 3033
65536 1438 1438 214 1653 0 1653 1370 3024 3065
65536 1435 1435 213 1648 0 1649 1360 3010 3050
65536 1434 1434 212 1647 0 1648 1326 2974 3013
65536 1437 1437 213 1651 0 1651 1355 3007 3048
65536 1442 1442 212 1654 0 1655 1351 3006 3051
65536 1473 1473 213 1687 0 1687 1348 3036 3075
65536 1447 1447 212 1660 0 1660 1322 2983 3023
65536 1435 1435 212 1647 0 1647 1358 3006 3050
65536 1428 1428 214 1643 0 1644 1338 2982 3029
131072 2846 2846 419 3266 0 3267 3227 6494 6546
131072 2845 2845 407 3252 0 3253 3173 6427 6481
131072 2868 2868 413 3282 0 3282 3206 6489 6541
131072 2856 2856 411 3268 0 3269 3198 6467 6517
131072 2848 2848 424 3272 0 3273 3167 6440 6484
131072 2870 2870 415 3286 0 3287 3212 6500 6558
131072 2872 2872 411 3283 0 3284 3214 6498 6550
131072 2848 2848 406 3255 0 3256 3100 6356 6409
131072 2841 2841 407 3248 0 3249 3108 6358 6408
131072 2852 2852 413 3266 0 3266 3226 6493 6546
131072 2867 2867 410 3278 1 3279 3164 6443 6496
131072 2869 2869 410 3280 0 3280 3161 6442 6493
131072 2854 2854 408 3262 0 3263 3116 6379 6431
131072 2860 2860 412 3272 0 3273 3223 6497 6549
131072 2858 2858 411 3269 0 3270 3096 6366 6417
131072 2849 2849 423 3272 0 3273 3111 6384 6436
131072 2854 2854 419 3274 0 3274 3126 6401 6456
131072 2871 2871 421 3292 0 3293 3095 6388 6438
131072 2862 2862 409 3271 1 3272 3053 6326 6405
131072 2856 2856 417 3273 0 3274 3140 6415 6465
131072 2856 2856 411 3268 0 3268 3088 6357 6406
131072 2872 2872 415 3287 0 3288 3254 6543 6596
131072 2863 2863 409 3272 0 3273 3055 6329 6381
131072 2846 2846 409 3255 1 3256 3121 6377 6427
131072 2866 2866 411 3277 0 3278 3214 6493 6544
131072 2856 2856 415 3272 0 3273 3097 6371 6432
131072 2846 2846 427 3273 0 3274 3079 6354 6407
131072 2846 2846 412 3259 0 3259 3048 6308 6362
131072 2859 2859 409 3268 0 3269 3098 6367 6417
131072 2876 2876 411 3287 1 3289 3053 6342 6391
131072 2862 2862 414 3277 0 3277 3112 6390 6439
131072 2863 2863 409 3273 0 3274 3105 6379 6435
262144 5727 5727 830 6557 0 6558 7462 14021 14104
262144 5700 5700 811 6512 0 6512 7366 13879 13952
262144 5733 5733 823 6556 0 6557 7403 13960 14031
262144 5691 5691 814 6505 0 6506 6948 13455 13524
262144 5688 5688 823 6512 1 6513 7346 13860 13933
262144 5691 5691 821 6513 0 6514 7214 13729 13801
262144 5690 5690 815 6506 0 6507 6952 13459 13531
262144 5690 5690 814 6505 0 6506 6949 13455 13524
262144 5718 5718 825 6544 0 6544 6997 13542 13610
262144 5682 5682 811 6493 0 6494 6901 13395 13467
262144 5726 5726 819 6546 0 6547 7032 13579 13645
262144 5670 5670 821 6491 0 6491 6820 13312 13380
262144 5701 5701 798 6499 0 6500 6731 13232 13296
262144 5693 5693 802 6496 0 6497 6691 13188 13253
262144 5707 5707 811 6519 0 6520 6740 13261 13324
262144 5723 5723 812 6536 0 6537 6851 13388 13453
262144 5708 5708 808 6517 0 6518 6742 13261 13328
262144 5719 5719 807 6527 0 6527 6665 13192 13251
262144 5691 5691 804 6495 0 6496 6566 13062 13123
262144 5674 5674 808 6483 0 6484 6584 13068 13131
262144 5689 5689 792 6482 0 6482 6556 13039 13100
262144 5711 5711 811 6522 0 6523 6621 13144 13205
262144 5685 5685 801 6487 0 6488 6633 13121 13185
262144 5707 5707 810 6517 0 6518 6536 13054 13110
262144 5704 5704 807 6511 0 6512 6564 13077 13137
262144 5698 5698 790 6488 0 6489 6602 13091 13146
262144 5661 5661 797 6459 0 6460 6589 13050 13110
262144 5640 5640 783 6423 0 6424 6531 12956 13018
262144 5667 5667 787 6455 0 6455 6562 13018 13077
262144 5674 5674 780 6454 0 6455 6601 13056 13112
262144 5634 5634 781 6416 0 6416 6545 12961 13019
262144 5666 5666 790 6457 0 6458 6608 13066 13125
524288 11355 11355 1588 12943 1 12944 14669 27613 27698
524288 11304 11304 1564 12868 0 12869 14831 27701 27789
524288 11326 11326 1569 12895 0 12896 14657 27553 27637
524288 11292 11292 1587 12880 0 12881 14590 27471 27560
524288 11304 11304 1565 12869 0 12870 14517 27388 27475
524288 11308 11308 1560 12869 0 12870 14360 27231 27312
524288 11259 11259 1553 12812 0 12813 14410 27224 27306
524288 11405 11405 1593 12998 1 12999 14651 27650 27734
524288 11302 11302 1563 12866 0 12867 14518 27385 27470
524288 11332 11332 1555 12888 0 12888 14522 27411 27493
524288 11285 11285 1563 12849 0 12850 14470 27320 27404
524288 11308 11308 1551 12860 1 12861 14481 27343 27427
524288 11297 11297 1545 12843 0 12844 14392 27237 27319
524288 11256 11256 1536 12792 0 12793 14395 27189 27272
524288 11364 11364 1560 12925 0 12925 14448 27374 27458
524288 11306 11306 1572 12879 0 12879 14566 27446 27534
524288 11331 11331 1551 12883 0 12883 14461 27345 27429
524288 11280 11280 1551 12831 0 12832 14489 27322 27407
524288 11299 11299 1548 12848 0 12848 14580 27429 27516
524288 11322 11322 1541 12863 0 12864 14480 27345 27428
524288 11261 11261 1531 12792 0 12793 14565 27359 27442
524288 11294 11294 1537 12831 0 12831 14453 27285 27369
524288 11297 11297 1537 12834 0 12835 14350 27185 27267
524288 11371 11371 1563 12935 0 12936 14723 27659 27739
524288 11313 11313 1543 12856 0 12857 14416 27273 27355
524288 11298 11298 1547 12845 0 12846 14498 27344 27431
524288 11290 11290 1550 12841 0 12842 14410 27252 27339
524288 11333 11333 1550 12883 0 12884 14412 27297 27377
524288 11245 11245 1541 12786 0 12787 14365 27152 27242
524288 11319 11319 1551 12870 0 12871 14421 27292 27375
524288 11315 11315 1566 12881 0 12882 14561 27444 27531
524288 11299 11299 1547 12847 0 12848 14333 27181 27264
1048576 22566 22566 3091 25658 0 25658 32149 57808 57957
1048576 22634 22634 3108 25743 0 25743 31872 57616 57752
1048576 22631 22631 3084 25715 0 25716 32045 57761 57903
1048576 22629 22629 3099 25728 0 25729 31736 57465 57601
1048576 22590 22590 3085 25675 0 25676 32173 57850 57994
1048576 22610 22610 3106 25716 0 25717 31734 57451 57588
1048576 22583 22583 3060 25644 0 25645 31930 57575 57717
1048576 22630 22630 3085 25715 0 25716 31693 57410 57543
1048576 22581 22581 3087 25668 0 25669 32360 58030 58175
1048576 22730 22730 3193 25924 0 25924 31956 57881 58029
1048576 22647 22647 3124 25771 0 25772 32243 58015 58162
1048576 22786 22786 3197 25984 0 25985 31790 57775 57915
1048576 22652 22652 3113 25765 0 25766 32266 58033 58178
1048576 22604 22604 3081 25686 0 25686 31619 57306 57444
1048576 22579 22579 3101 25681 0 25682 32028 57710 57854
1048576 22608 22608 3085 25694 0 25694 31660 57355 57492
1048576 22601 22601 3102 25703 0 25704 31411 57116 57270
1048576 22726 22726 3174 25901 0 25902 31560 57463 57610
1048576 22947 22947 3229 26176 0 26177 31992 58170 58310
1048576 22786 22786 3200 25986 0 25987 32307 58294 58442
1048576 22896 22896 3227 26124 0 26125 31992 58118 58261
1048576 22635 22635 3132 25768 0 25769 32168 57937 58080
1048576 22625 22625 3090 25715 0 25716 31807 57524 57663
1048576 22761 22761 3192 25953 0 25954 31673 57628 57775
1048576 22732 22732 3141 25873 0 25874 32017 57892 58039
1048576 22793 22793 3188 25982 0 25982 32130 58113 58254
1048576 22633 22633 3095 25728 0 25729 32385 58115 58259
1048576 22634 22634 3092 25726 0 25727 31829 57557 57696
1048576 22590 22590 3080 25671 0 25672 31988 57660 57801
1048576 22606 22606 3094 25700 0 25701 31829 57530 57666
1048576 22572 22572 3067 25640 1 25641 31900 57541 57684
1048576 22608 22608 3090 25699 0 25700 31686 57386 57520
2097152 45156 45156 6215 51372 1 51373 73809 125183 125500
2097152 45569 45569 6456 52026 0 52027 71681 123708 124008
2097152 45653 45653 6386 52039 0 52040 72345 124385 124698
2097152 45688 45688 6480 52169 0 52169 71913 124083 124382
2097152 45615 45615 6380 51996 0 51997 72311 124309 124616
2097152 45679 45679 6464 52143 0 52144 71704 123849 124150
2097152 45640 45640 6351 51992 0 51993 73801 125794 126104
2097152 45693 45693 6466 52159 0 52160 71891 124052 124358
2097152 45621 45621 6362 51984 0 51984 72679 124664 124981
2097152 45681 45681 6459 52141 0 52141 72329 124470 124770
2097152 45629 45629 6364 51993 1 51994 72560 124555 124864
2097152 45694 45694 6472 52167 0 52168 71865 124034 124333
2097152 45655 45655 6355 52011 0 52012 73656 125668 125978
2097152 45708 45708 6455 52163 0 52164 71657 123822 124133
2097152 45595 45595 6367 51963 0 51964 72751 124715 125030
2097152 45671 45671 6474 52145 0 52146 72217 124364 124666
2097152 45642 45642 6393 52035 0 52036 73663 125699 126019
2097152 45679 45679 6463 52142 0 52143 72022 124165 124465
2097152 45611 45611 6400 52012 1 52013 72184 124198 124507
2097152 45666 45666 6475 52141 0 52141 71746 123887 124192
2097152 45647 45647 6422 52069 0 52070 72408 124478 124809
2097152 45695 45695 6479 52174 0 52175 71592 123768 124069
2097152 45596 45596 6397 51993 1 51995 72990 124985 125292
2097152 45684 45684 6464 52149 0 52150 71763 123914 124214
2097152 45594 45594 6379 51973 0 51974 72546 124521 124834
2097152 45682 45682 6462 52144 0 52145 71832 123978 124284
2097152 45596 45596 6354 51951 1 51952 72988 124940 125275
2097152 45790 45790 6472 52263 0 52263 71659 123923 124228
2097152 45653 45653 6392 52045 0 52046 72350 124397 124711
2097152 45694 45694 6456 52151 0 52152 72042 124195 124497
2097152 45623 45623 6341 51965 0 51966 72436 124402 124717
2097152 45693 45693 6475 52169 0 52169 71892 124062 124365
4194304 91202 91202 12778 103980 1 103982 197160 301142 301901
4194304 91587 91587 13043 104631 1 104632 195268 299901 300684
4194304 91357 91357 12634 103991 1 103992 198450 302442 303177
4194304 89881 89881 12761 102642 1 102644 198036 300680 301429
4194304 91624 91624 12977 104601 0 104602 196829 301432 302218
4194304 91429 91429 12773 104203 1 104204 199293 303498 304303
4194304 91660 91660 13220 104880 1 104882 197058 301940 302711
4194304 91395 91395 12758 104153 1 104154 198466 302621 303377
4194304 91604 91604 13186 104790 1 104791 195698 300489 301248
4194304 91444 91444 12823 104267 1 104268 201978 306247 307034
4194304 91551 91551 13179 104730 0 104731 195537 300268 301042
4194304 91437 91437 12742 104179 1 104180 200466 304647 305438
4194304 91488 91488 13124 104612 1 104614 198942 303556 304334
4194304 91484 91484 12771 104255 0 104256 197808 302065 302856
4194304 91523 91523 12985 104509 1 104510 199156 303666 304425
4194304 91476 91476 12770 104246 1 104248 198048 302296 303083
4194304 91507 91507 13013 104521 1 104522 196263 300786 301552
4194304 91454 91454 12799 104253 1 104255 197947 302202 303025
4194304 91542 91542 12971 104514 1 104515 195997 300512 301266
4194304 91441 91441 12800 104241 1 104242 202441 306683 307492
4194304 91554 91554 13035 104589 0 104590 195961 300552 301344
4194304 91483 91483 12749 104233 1 104234 198196 302430 303247
4194304 91586 91586 12951 104538 1 104540 196053 300593 301371
4194304 91519 91519 12795 104315 1 104316 198553 302870 303677
4194304 91560 91560 12978 104538 0 104539 199894 304433 305202
4194304 91525 91525 12779 104305 0 104306 197986 302293 303095
4194304 90390 90390 12786 103177 1 103178 198171 301349 302146
4194304 91564 91564 12965 104530 1 104531 196755 301286 302048
4194304 91493 91493 12772 104265 1 104266 202048 306314 307122
4194304 91533 91533 12954 104488 1 104489 195810 300300 301052
4194304 91487 91487 12791 104279 1 104280 198182 302462 303247
4194304 91588 91588 12997 104585 1 104586 196354 300941 301729
8388608 182923 182923 25985 208909 1 208910 524502 733412 735232
8388608 183100 183100 25953 209054 1 209055 508913 717968 719691
8388608 183026 183026 25652 208678 1 208680 515124 723804 725570
8388608 183214 183214 26129 209344 1 209345 509154 718500 720240
8388608 182879 182879 25763 208643 1 208645 513142 721787 723587
8388608 181279 181279 25729 207009 1 207010 504675 711686 713460
8388608 183177 183177 25925 209102 1 209103 507639 716742 718487
8388608 183443 183443 26301 209745 1 209746 512996 722742 724519
8388608 183123 183123 26141 209265 1 209266 506697 715964 717677
8388608 183053 183053 25739 208793 1 208795 513250 722045 723850
8388608 183140 183140 26125 209265 1 209267 506928 716195 717934
8388608 182534 182534 25848 208383 1 208384 512408 720792 722610
8388608 183138 183138 26098 209236 1 209238 510017 719255 720997
8388608 182443 182443 25759 208202 1 208203 513377 721581 723362
8388608 183113 183113 26116 209229 1 209231 513460 722692 724401
8388608 182761 182761 25742 208503 1 208505 513341 721847 723664
8388608 183116 183116 26184 209301 1 209302 510841 720143 721867
8388608 182757 182757 25739 208497 1 208498 512099 720598 722410
8388608 183102 183102 26170 209273 1 209274 506284 715559 717272
8388608 182929 182929 25773 208702 1 208703 511394 720098 721860
8388608 183088 183088 26166 209255 1 209257 505129 714386 716122
8388608 182851 182851 25436 208287 1 208288 512506 720795 722610
8388608 183078 183078 26161 209239 1 209240 506344 715585 717313
8388608 182754 182754 25708 208463 1 208464 511199 719664 721450
8388608 183058 183058 26120 209178 1 209180 504515 713696 715401
8388608 182911 182911 25760 208672 2 208674 517390 726064 727883
8388608 183054 183054 26160 209214 1 209215 505930 715146 716890
8388608 182366 182366 25707 208073 1 208075 512761 720836 722684
8388608 183114 183114 26172 209286 1 209288 505514 714802 716516
8388608 182492 182492 25710 208202 1 208204 514156 722361 724182
8388608 183140 183140 26119 209259 1 209260 507327 716588 718297
8388608 182767 182767 25706 208474 1 208475 513230 721705 723526
16777216 366494 366494 52498 418992 1 418994 1149056 1568050 1571579
16777216 364702 364702 51874 416577 1 416579 1155695 1572274 1576154
16777216 366935 366935 52796 419731 1 419733 1142145 1561879 1565324
16777216 364549 364549 51894 416444 1 416445 1155056 1571502 1575103
16777216 366816 366816 53503 420319 1 420321 1142844 1563165 1566629
16777216 364642 364642 52114 416756 2 416758 1155315 1572074 1575688
16777216 366871 366871 52796 419668 1 419670 1139055 1558725 1562224
16777216 364451 364451 51990 416442 1 416444 1154523 1570967 1574566
16777216 366962 366962 52765 419728 1 419729 1139458 1559188 1562712
16777216 364673 364673 51904 416578 1 416580 1157765 1574345 1577980
16777216 366529 366529 52782 419311 1 419313 1152011 1571324 1574803
16777216 364173 364173 51963 416137 1 416138 1159890 1576029 1579652
16777216 367091 367091 52731 419823 1 419825 1144144 1563969 1567462
16777216 364391 364391 51843 416235 1 416236 1156313 1572550 1576163
16777216 366564 366564 52766 419330 1 419332 1138962 1558295 1561774
16777216 364572 364572 52174 416747 1 416748 1155969 1572717 1576392
16777216 366818 366818 52924 419743 1 419745 1141651 1561396 1564898
16777216 365056 365056 51924 416980 1 416982 1156483 1573465 1577124
16777216 363113 363113 51860 414974 1 414976 1143234 1558210 1561798
16777216 365064 365064 51930 416995 2 416997 1157779 1574777 1578473
16777216 366932 366932 52745 419677 1 419679 1142044 1561723 1565209
16777216 364477 364477 51930 416408 1 416409 1154071 1570481 1574148
16777216 366874 366874 52742 419617 1 419619 1142085 1561704 1565213
16777216 364191 364191 51983 416175 1 416176 1160552 1576729 1580388
16777216 362765 362765 51890 414655 1 414657 1135799 1550456 1554109
16777216 366705 366705 52745 419451 2 419453 1146237 1565691 1569221
16777216 363974 363974 52046 416020 1 416022 1156131 1572153 1575841
16777216 366828 366828 52711 419539 1 419541 1139204 1558746 1562256
16777216 364422 364422 51940 416362 1 416364 1156232 1572596 1576236
16777216 366524 366524 52745 419269 1 419271 1139927 1559199 1562668
16777216 364221 364221 51935 416157 1 416158 1157333 1573492 1577162
16777216 366833 366833 52776 419609 2 419611 1141235 1560846 1564355
33554432 727271 727271 101174 828446 2 828448 2577741 3406190 3412795
33554432 734586 734586 103811 838398 1 838400 2542452 3380852 3387257
33554432 727409 727409 102941 830351 2 830353 2584597 3414951 3421616
33554432 733874 733874 102920 836795 1 836797 2559223 3396020 3402245
33554432 727885 727885 101799 829685 1 829686 2571009 3400696 3407290
33554432 733770 733770 103971 837742 2 837744 2552538 3390282 3396553
33554432 726559 726559 101180 827739 1 827741 2590049 3417791 3424367
33554432 726428 726428 101750 828179 2 828181 2577049 3405231 3411848
33554432 734246 734246 103839 838086 1 838087 2558143 3396231 3402536
33554432 727512 727512 102110 829622 2 829624 2582256 3411881 3418457
33554432 733977 733977 104012 837989 1 837991 2550297 3388288 3394661
33554432 727415 727415 102040 829455 1 829457 2594739 3424196 3430812
33554432 734192 734192 103629 837822 1 837823 2556924 3394748 3401077
33554432 727896 727896 102225 830121 1 830123 2580783 3410906 3417536
33554432 734180 734180 103686 837866 2 837869 2541865 3379734 3386154
33554432 727674 727674 101956 829631 2 829633 2583126 3412759 3419397
33554432 734355 734355 103931 838287 2 838290 2535854 3374144 3380613
33554432 728825 728825 102020 830845 1 830847 2575135 3405982 3412539
33554432 733899 733899 103283 837182 1 837184 2552500 3389685 3396108
33554432 728265 728265 102934 831200 2 831202 2577629 3408831 3415589
33554432 734352 734352 103808 838160 1 838162 2566679 3404842 3411187
33554432 729185 729185 101572 830758 2 830760 2579493 3410253 3416915
33554432 734461 734461 104154 838615 1 838617 2548268 3386885 3393287
33554432 728195 728195 102300 830496 1 830498 2581253 3411751 3418357
33554432 734315 734315 103956 838272 2 838274 2543629 3381904 3388325
33554432 727979 727979 102211 830191 1 830193 2585583 3415776 3422423
33554432 734235 734235 103541 837777 1 837779 2566549 3404329 3410769
33554432 728123 728123 102770 830893 2 830895 2574955 3405851 3412528
33554432 733840 733840 102580 836421 1 836423 2539737 3376161 3382533
33554432 728844 728844 102291 831135 2 831137 2574620 3405758 3412451
33554432 733418 733418 104592 838011 1 838013 2540959 3378973 3385454
33554432 728771 728771 101557 830328 1 830330 2580400 3410731 3417146
