8 5 5 7 12 1 13 0 14 14
8 4 4 4 9 0 9 0 9 10
8 4 4 4 8 0 8 0 9 9
8 4 4 5 9 0 9 0 10 10
8 3 3 5 9 0 9 0 9 10
8 3 3 5 8 0 9 0 9 10
8 3 3 4 8 0 8 0 8 9
8 3 3 5 9 0 10 0 10 10
8 3 3 5 9 0 9 0 9 10
8 3 3 5 9 0 9 0 10 10
8 3 3 4 8 0 9 0 9 9
8 4 4 5 9 0 10 0 10 11
8 3 3 4 8 0 9 0 9 9
8 3 3 5 9 0 9 0 9 10
8 3 3 5 8 0 9 0 9 10
8 3 3 4 8 0 8 0 9 9
8 4 4 4 8 0 9 0 9 10
8 3 3 6 10 0 10 0 10 11
8 3 3 4 8 0 8 0 9 9
8 3 3 4 8 0 9 0 9 9
8 3 3 4 8 0 8 0 9 9
8 3 3 4 8 0 9 0 9 9
8 3 3 5 9 0 9 0 10 10
8 3 3 5 9 0 9 0 9 10
8 3 3 5 8 0 9 0 9 10
8 3 3 5 8 0 9 0 9 10
8 3 3 4 8 0 8 0 9 9
8 3 3 5 9 0 9 0 9 10
8 3 3 4 8 0 8 0 9 9
8 3 3 4 8 0 9 0 9 9
8 3 3 5 9 0 9 0 9 10
8 3 3 5 9 0 9 0 10 10
16 4 4 4 9 0 9 0 10 10
16 4 4 5 9 0 9 0 10 10
16 4 4 6 10 0 11 0 11 12
16 4 4 5 9 0 9 0 10 10
16 4 4 5 9 0 10 0 10 11
16 4 4 5 9 0 10 0 10 10
16 3 3 5 9 0 9 0 10 10
16 3 3 5 9 0 9 0 9 10
16 3 3 5 9 0 10 0 10 10
16 4 4 5 9 0 9 0 9 10
16 4 4 5 9 0 9 0 10 10
16 4 4 4 9 0 9 0 9 10
16 3 3 5 9 0 9 0 10 10
16 4 4 4 9 0 9 0 9 10
16 3 3 4 8 0 8 0 8 9
16 3 3 4 7 0 8 0 8 8
16 3 3 4 8 0 8 0 9 9
16 4 4 4 9 0 9 0 9 10
16 4 4 6 10 0 10 0 10 11
16 4 4 5 9 0 9 0 9 10
16 3 3 5 9 0 9 0 9 10
16 4 4 4 9 0 9 0 9 10
16 4 4 5 9 0 9 0 10 10
16 4 4 4 8 0 9 0 9 9
16 3 3 4 7 0 7 0 8 8
16 4 4 5 10 0 10 0 11 11
16 4 4 5 9 0 9 0 9 10
16 4 4 4 9 0 9 0 9 10
16 3 3 5 8 0 9 0 9 10
16 4 4 5 9 0 9 0 10 10
16 4 4 5 9 0 9 0 9 10
16 4 4 4 8 0 9 0 9 10
32 4 4 4 9 0 9 0 9 10
32 4 4 4 9 0 10 0 10 10
32 4 4 4 9 0 10 0 10 11
32 4 4 4 9 0 10 0 10 10
32 4 4 5 10 0 10 0 11 11
32 4 4 5 10 0 10 0 11 11
32 4 4 5 10 0 10 0 11 11
32 4 4 5 9 0 10 0 10 11
32 4 4 4 8 0 8 0 9 9
32 4 4 4 9 0 9 0 10 10
32 4 4 4 9 0 9 0 9 10
32 5 5 5 10 0 11 0 11 11
32 4 4 5 10 0 10 0 11 11
32 4 4 5 9 0 10 0 10 11
32 4 4 5 9 0 10 0 10 11
32 4 4 5 10 0 10 0 10 11
32 5 5 5 10 0 10 0 11 11
32 4 4 5 9 0 9 0 10 10
32 5 5 5 10 0 10 0 11 11
32 4 4 4 8 0 9 0 9 9
32 4 4 4 8 0 9 0 9 10
32 4 4 4 9 0 9 0 10 10
32 4 4 4 9 0 9 0 9 10
32 4 4 5 9 0 9 0 10 10
32 4 4 4 8 0 8 0 9 9
32 4 4 5 9 0 9 0 10 10
32 4 4 4 8 0 9 0 9 9
32 4 4 4 9 0 10 0 10 10
32 4 4 4 9 0 9 0 10 10
32 4 4 5 10 0 10 0 11 11
32 4 4 5 9 0 10 0 10 10
32 4 4 4 9 0 10 0 10 10
64 5 5 4 10 0 11 0 11 11
64 5 5 4 10 0 10 0 11 11
64 6 6 5 11 0 11 0 12 12
64 5 5 4 9 0 10 0 10 11
64 5 5 5 11 0 11 0 11 12
64 5 5 5 10 0 11 0 11 12
64 5 5 4 10 0 11 0 11 12
64 5 5 4 10 0 10 0 11 11
64 5 5 4 10 0 10 0 11 11
64 5 5 5 10 0 11 0 11 12
64 5 5 4 10 0 10 0 11 11
64 5 5 4 10 0 10 0 11 11
64 5 5 4 10 0 10 0 11 11
64 6 6 4 11 0 11 0 11 12
64 5 5 5 11 0 11 0 12 12
64 5 5 5 11 0 11 0 12 12
64 5 5 4 10 0 11 0 11 11
64 5 5 4 10 0 11 0 11 12
64 5 5 4 10 0 11 0 11 12
64 5 5 4 10 0 10 0 11 11
64 5 5 4 9 0 9 0 10 10
64 5 5 4 9 0 9 0 10 10
64 5 5 4 10 0 10 0 11 11
64 5 5 4 10 0 10 0 11 11
64 5 5 4 10 0 10 0 11 11
64 5 5 5 10 0 11 0 11 12
64 5 5 4 10 0 10 0 11 11
64 5 5 4 10 0 11 0 11 12
64 6 6 5 11 0 12 0 12 13
64 5 5 4 10 0 10 0 11 11
64 6 6 5 11 0 11 0 12 12
64 5 5 4 10 0 10 0 11 11
128 7 7 5 13 0 14 0 14 15
128 6 6 5 12 0 12 0 13 13
128 7 7 4 12 0 13 0 13 14
128 7 7 4 12 0 12 0 13 14
128 7 7 5 12 0 13 0 14 14
128 7 7 4 12 0 13 0 13 14
128 7 7 4 12 0 12 0 13 14
128 7 7 4 11 0 12 0 13 13
128 7 7 5 13 0 13 0 14 15
128 7 7 5 12 0 12 0 13 14
128 7 7 5 13 0 13 0 14 14
128 7 7 5 12 0 12 0 13 14
128 7 7 5 12 0 13 0 13 14
128 7 7 5 12 0 12 0 13 13
128 7 7 5 13 0 13 0 14 14
128 7 7 5 12 0 12 0 13 13
128 7 7 5 12 0 13 0 13 14
128 7 7 5 12 0 13 0 13 14
128 6 6 5 11 0 12 0 13 13
128 7 7 4 12 0 12 0 13 14
128 7 7 5 13 0 13 0 14 15
128 7 7 5 12 0 13 0 13 14
128 7 7 5 12 0 13 0 14 14
128 7 7 5 12 0 13 0 14 14
128 7 7 4 11 0 12 0 13 13
128 7 7 4 11 0 12 0 12 13
128 6 6 5 11 0 12 0 13 13
128 7 7 4 11 0 12 0 13 13
128 7 7 5 12 0 13 0 14 14
128 7 7 4 12 0 12 0 13 13
128 7 7 5 12 0 13 0 14 14
128 7 7 5 12 0 13 0 14 14
256 10 10 5 15 0 16 1 17 18
256 10 10 5 15 0 16 1 17 18
256 10 10 5 16 0 16 1 18 18
256 11 11 5 16 0 17 1 18 19
256 10 10 5 15 0 16 1 17 18
256 10 10 5 16 0 16 1 18 18
256 10 10 6 16 0 17 1 18 19
256 10 10 5 15 0 16 1 17 18
256 10 10 5 15 0 16 1 17 18
256 10 10 4 15 0 15 1 17 17
256 10 10 5 15 0 16 1 17 18
256 10 10 5 16 0 16 1 18 18
256 10 10 6 17 0 17 1 19 19
256 10 10 5 15 0 16 1 17 18
256 10 10 5 16 0 16 1 17 18
256 10 10 5 15 0 15 1 17 18
256 10 10 5 15 0 16 1 17 18
256 10 10 6 16 0 17 1 18 19
256 10 10 5 16 0 17 1 18 19
256 10 10 5 16 0 16 1 18 18
256 10 10 5 15 0 16 1 17 18
256 10 10 5 16 0 16 1 17 18
256 10 10 5 15 0 15 1 16 17
256 10 10 5 16 0 16 1 18 18
256 10 10 5 15 0 16 1 17 18
256 10 10 5 16 0 16 1 18 18
256 10 10 5 16 0 16 1 18 18
256 10 10 5 15 0 16 1 17 18
256 10 10 5 15 0 15 1 17 17
256 10 10 6 16 0 17 1 18 19
256 10 10 5 15 0 16 1 17 18
256 10 10 5 16 0 16 1 18 19
512 16 16 5 22 0 22 2 25 26
512 16 16 5 22 0 22 2 25 26
512 16 16 7 23 0 23 2 26 27
512 16 16 5 22 0 23 2 26 26
512 16 16 6 23 0 23 2 26 27
512 16 16 6 22 0 23 2 26 26
512 16 16 6 22 0 22 2 25 26
512 16 16 6 22 0 22 2 25 26
512 15 15 5 21 0 21 2 24 25
512 15 15 6 21 0 22 2 25 25
512 16 16 5 22 0 22 2 25 26
512 16 16 6 23 0 23 2 26 27
512 16 16 6 22 0 23 2 26 26
512 16 16 7 23 0 23 2 26 27
512 15 15 6 22 0 22 2 25 26
512 16 16 6 22 0 23 2 25 26
512 16 16 6 22 0 23 2 26 26
512 15 15 6 22 0 22 2 25 26
512 16 16 6 23 0 23 2 26 27
512 16 16 5 22 0 22 2 25 25
512 16 16 7 23 0 24 2 27 27
512 16 16 6 22 0 22 2 25 26
512 16 16 6 22 0 23 2 26 26
512 16 16 5 22 0 22 2 25 26
512 15 15 5 21 0 21 2 24 24
512 15 15 5 21 0 21 2 24 24
512 15 15 5 20 0 21 2 23 24
512 15 15 5 21 0 21 2 24 25
512 16 16 5 22 0 22 2 25 25
512 16 16 6 22 0 23 2 26 26
512 16 16 6 22 0 22 2 25 26
512 15 15 6 21 0 21 2 24 25
1024 26 26 7 33 0 34 5 39 40
1024 26 26 7 33 0 33 6 39 40
1024 25 25 7 32 0 33 5 39 39
1024 25 25 7 32 0 33 16 49 50
1024 26 26 7 34 0 34 6 40 41
1024 26 26 7 33 0 34 6 40 40
1024 26 26 7 33 0 34 6 40 40
1024 26 26 7 34 0 34 5 40 41
1024 26 26 7 34 0 35 6 41 41
1024 26 26 7 33 0 33 5 39 40
1024 25 25 7 32 0 33 5 39 39
1024 25 25 7 32 0 32 6 39 40
1024 25 25 7 33 0 33 5 39 40
1024 26 26 7 33 0 34 6 40 40
1024 26 26 7 33 0 33 6 40 40
1024 27 27 7 34 0 35 6 41 41
1024 26 26 7 33 0 34 6 40 40
1024 26 26 7 33 0 33 6 39 40
1024 27 27 7 35 0 35 6 41 42
1024 26 26 7 33 0 33 6 39 40
1024 27 27 7 35 0 35 6 41 42
1024 26 26 8 34 0 34 5 40 41
1024 26 26 7 34 0 34 5 40 40
1024 25 25 7 33 0 33 6 39 40
1024 26 26 7 33 0 33 5 39 40
1024 26 26 7 34 0 34 6 40 41
1024 26 26 7 34 0 34 5 40 40
1024 25 25 7 33 0 33 5 39 40
1024 25 25 7 32 0 33 5 39 39
1024 26 26 7 34 0 34 6 40 41
1024 25 25 7 33 0 33 6 39 40
1024 26 26 7 34 0 35 5 40 41
2048 50 50 10 61 0 61 12 74 74
2048 50 50 10 60 0 61 12 74 74
2048 48 48 10 59 0 59 12 72 72
2048 49 49 10 60 0 60 12 73 74
2048 50 50 11 61 0 61 13 74 75
2048 49 49 9 59 0 59 12 72 73
2048 62 62 11 74 0 74 13 87 88
2048 49 49 9 59 0 60 12 72 73
2048 50 50 10 60 0 60 12 73 74
2048 49 49 10 60 0 60 12 73 74
2048 49 49 10 59 0 60 12 73 73
2048 48 48 9 58 0 59 12 71 72
2048 49 49 11 60 0 60 12 73 74
2048 48 48 10 59 0 60 12 73 73
2048 49 49 10 59 0 59 12 72 73
2048 48 48 10 59 0 60 13 74 74
2048 50 50 10 60 0 61 12 74 74
2048 50 50 10 60 0 61 13 74 75
2048 49 49 10 60 0 60 13 73 74
2048 49 49 10 60 0 60 12 73 73
2048 50 50 10 60 0 61 12 74 74
2048 50 50 10 60 0 60 12 73 74
2048 49 49 9 59 0 60 13 73 73
2048 49 49 9 59 0 59 13 72 73
2048 49 49 10 60 0 60 12 73 74
2048 48 48 9 58 0 59 12 71 72
2048 50 50 10 61 0 61 13 75 75
2048 49 49 10 59 0 59 12 72 73
2048 49 49 10 60 0 61 12 73 74
2048 49 49 10 59 0 59 12 72 73
2048 49 49 10 59 0 60 12 73 73
2048 58 58 10 68 0 69 12 82 82
4096 95 95 17 112 0 113 28 142 142
4096 94 94 16 110 0 111 28 139 140
4096 92 92 16 109 0 109 27 137 138
4096 94 94 17 111 0 112 28 140 140
4096 93 93 16 110 0 110 28 139 139
4096 93 93 17 110 0 110 28 138 139
4096 93 93 16 109 0 109 28 137 138
4096 93 93 16 109 0 110 28 138 139
4096 93 93 16 110 0 110 28 138 139
4096 93 93 16 110 0 110 28 139 139
4096 94 94 16 110 0 110 28 139 140
4096 94 94 16 111 0 111 28 139 140
4096 93 93 16 110 0 110 28 138 139
4096 94 94 16 110 0 111 28 139 140
4096 93 93 16 110 0 110 28 139 140
4096 94 94 16 111 0 111 28 139 140
4096 93 93 16 109 0 110 28 138 139
4096 94 94 16 110 0 110 28 138 139
4096 93 93 16 110 0 110 27 138 139
4096 93 93 18 111 0 112 28 140 140
4096 93 93 17 111 0 111 28 139 140
4096 93 93 16 109 0 109 27 137 138
4096 93 93 16 110 0 110 28 138 139
4096 93 93 16 110 0 110 28 138 139
4096 93 93 16 110 0 110 28 138 139
4096 93 93 16 109 0 110 28 138 138
4096 92 92 16 109 0 110 28 138 138
4096 94 94 16 110 0 111 28 139 139
4096 93 93 26 120 0 120 28 149 149
4096 93 93 16 110 0 110 28 138 139
4096 92 92 15 108 0 109 28 137 138
4096 94 94 16 111 0 111 29 140 141
8192 184 184 31 216 0 216 66 282 292
8192 183 183 32 215 0 215 66 281 289
8192 184 184 31 216 0 216 67 284 294
8192 185 185 31 216 0 217 67 284 292
8192 184 184 30 215 0 215 66 282 290
8192 183 183 30 214 0 214 65 280 290
8192 184 184 31 216 0 217 66 283 293
8192 182 182 31 213 0 214 66 280 290
8192 195 195 30 226 0 226 67 293 301
8192 184 184 30 215 0 215 66 281 290
8192 184 184 30 214 0 215 66 281 290
8192 184 184 30 214 0 214 66 281 290
8192 183 183 30 214 0 214 65 280 288
8192 182 182 31 214 0 214 66 280 288
8192 183 183 32 215 0 216 65 282 290
8192 184 184 30 214 0 215 65 281 289
8192 184 184 31 215 0 215 66 281 290
8192 183 183 31 215 0 215 66 281 290
8192 185 185 31 216 0 216 65 282 291
8192 186 186 31 217 0 217 68 286 296
8192 184 184 31 215 0 216 67 283 293
8192 185 185 32 217 0 218 66 284 293
8192 184 184 31 215 0 216 65 281 290
8192 183 183 30 214 0 215 66 281 289
8192 184 184 30 214 0 215 66 281 290
8192 182 182 31 213 0 214 79 293 303
8192 184 184 31 215 0 215 66 281 289
8192 183 183 31 215 0 215 66 282 291
8192 182 182 30 213 0 213 65 279 287
8192 184 184 31 216 0 216 66 283 291
8192 183 183 31 214 0 215 66 281 290
8192 193 193 31 225 0 226 67 293 301
16384 361 361 55 416 0 417 173 590 608
16384 359 359 56 416 0 416 170 586 602
16384 359 359 56 415 0 416 165 581 596
16384 400 400 57 457 0 457 167 625 641
16384 362 362 55 417 0 417 170 588 605
16384 360 360 54 415 0 415 168 583 599
16384 360 360 56 416 0 417 167 584 600
16384 370 370 55 426 0 426 168 595 612
16384 362 362 54 416 0 417 167 585 600
16384 362 362 55 418 0 418 166 585 601
16384 361 361 55 416 0 416 164 581 597
16384 368 368 56 425 0 425 184 610 625
16384 361 361 56 417 0 417 166 584 600
16384 359 359 53 412 0 413 170 584 599
16384 360 360 56 417 0 417 165 583 599
16384 362 362 55 418 0 418 174 593 610
16384 360 360 55 416 0 416 168 585 601
16384 360 360 55 416 0 416 166 582 598
16384 360 360 54 414 0 415 168 583 598
16384 360 360 55 415 0 415 173 589 605
16384 361 361 56 417 0 417 169 587 603
16384 360 360 54 415 0 415 169 584 599
16384 362 362 55 418 0 418 169 588 605
16384 358 358 55 414 0 414 167 582 597
16384 360 360 55 415 0 415 166 582 615
16384 360 360 54 415 0 416 168 584 599
16384 361 361 55 416 0 417 165 582 598
16384 359 359 55 415 0 415 165 581 596
16384 360 360 56 417 0 417 172 589 606
16384 362 362 56 418 0 419 176 595 613
16384 360 360 54 414 0 415 164 579 594
16384 363 363 56 420 0 420 170 591 606
32768 710 710 114 824 0 825 411 1236 1264
32768 704 704 123 828 0 828 407 1236 1264
32768 711 711 110 821 0 821 423 1245 1271
32768 711 711 112 824 0 825 408 1233 1260
32768 708 708 111 819 0 820 402 1222 1249
32768 711 711 112 823 0 824 400 1224 1251
32768 715 715 113 829 0 830 409 1239 1268
32768 712 712 111 824 0 824 420 1245 1270
32768 753 753 115 869 0 869 412 1282 1308
32768 710 710 111 821 0 822 414 1237 1263
32768 710 710 111 821 0 822 424 1246 1277
32768 710 710 110 821 0 821 403 1225 1252
32768 710 710 112 822 0 823 412 1235 1262
32768 722 722 113 835 0 836 402 1238 1266
32768 708 708 113 821 0 822 401 1223 1248
32768 709 709 146 855 0 856 408 1264 1292
32768 708 708 112 821 0 821 424 1246 1272
32768 711 711 111 822 0 823 420 1244 1272
32768 713 713 110 824 0 825 404 1229 1256
32768 716 716 111 827 0 828 418 1246 1273
32768 722 722 114 836 0 837 407 1244 1276
32768 710 710 113 823 0 824 403 1227 1252
32768 712 712 112 824 0 824 410 1235 1263
32768 710 710 112 822 0 823 421 1244 1272
32768 707 707 111 819 0 819 423 1243 1294
32768 705 705 110 816 0 816 399 1216 1239
32768 710 710 114 824 0 825 401 1226 1254
32768 718 718 112 830 0 831 414 1245 1272
32768 708 708 113 821 0 822 413 1236 1263
32768 713 713 114 828 0 829 431 1260 1288
32768 710 710 111 821 0 822 399 1221 1246
32768 712 712 110 823 0 823 400 1223 1250
65536 1414 1414 215 1630 0 1630 971 2601 2634
65536 1423 1423 219 1643 0 1644 980 2624 2658
65536 1411 1411 215 1626 0 1627 980 2607 2643
65536 1407 1407 211 1619 0 1619 976 2595 2626
65536 1407 1407 210 1618 0 1619 978 2597 2629
65536 1427 1427 214 1642 0 1642 1001 2644 2677
65536 1424 1424 216 1641 0 1641 984 2626 2659
65536 1405 1405 215 1621 0 1622 970 2592 2625
65536 1411 1411 214 1626 0 1626 964 2590 2620
65536 1428 1428 216 1645 0 1645 989 2635 2670
65536 1428 1428 217 1646 0 1646 1001 2648 2682
65536 1410 1410 216 1627 0 1627 995 2623 2655
65536 1415 1415 215 1631 0 1632 962 2594 2624
65536 1409 1409 216 1625 0 1626 979 2606 2640
65536 1424 1424 218 1642 0 1643 982 2625 2661
65536 1428 1428 234 1662 0 1663 986 2649 2685
65536 1412 1412 212 1624 0 1625 1010 2635 2669
65536 1405 1405 211 1617 0 1617 975 2592 2622
65536 1426 1426 216 1642 0 1643 994 2637 2670
65536 1420 1420 217 1638 0 1638 961 2600 2632
65536 1418 1418 214 1632 0 1633 995 2628 2662
65536 1412 1412 215 1627 0 1628 1004 2632 2662
65536 1415 1415 214 1630 0 1630 959 2590 2621
65536 1450 1450 214 1665 0 1665 940 2606 2637
65536 1409 1409 216 1626 0 1626 1028 2655 2690
65536 1412 1412 218 1631 0 1631 959 2591 2623
65536 1407 1407 214 1622 0 1622 932 2555 2588
65536 1423 1423 212 1636 0 1636 940 2577 2609
65536 1408 1408 224 1633 0 1634 973 2607 2638
65536 1407 1407 215 1623 0 1623 994 2618 2652
65536 1415 1415 213 1628 0 1628 961 2590 2623
65536 1425 1425 215 1641 0 1641 955 2597 2627
131072 2827 2827 414 3241 0 3242 2081 5324 5368
131072 2803 2803 411 3215 0 3216 2085 5301 5345
131072 2819 2819 412 3231 1 3233 2026 5259 5299
131072 2807 2807 417 3225 0 3225 2107 5333 5377
131072 2817 2817 412 3230 0 3231 2052 5284 5323
131072 2856 2856 425 3281 0 3282 2082 5364 5405
131072 2825 2825 414 3239 0 3240 2030 5271 5312
131072 2819 2819 422 3241 0 3242 2101 5344 5386
131072 2805 2805 426 3232 0 3233 2088 5321 5362
131072 2841 2841 419 3260 0 3261 2147 5408 5452
131072 2815 2815 429 3245 0 3245 2061 5307 5349
131072 2858 2858 421 3279 0 3279 2085 5364 5419
131072 2798 2798 417 3216 0 3217 2099 5316 5360
131072 2819 2819 413 3232 0 3233 2034 5267 5320
131072 2819 2819 414 3234 0 3234 2064 5299 5340
131072 2839 2839 425 3265 0 3265 2118 5384 5429
131072 2842 2842 424 3266 0 3267 2074 5341 5387
131072 2817 2817 418 3235 0 3236 2047 5284 5327
131072 2808 2808 421 3230 0 3230 2086 5317 5360
131072 2821 2821 415 3236 0 3237 2066 5303 5347
131072 2815 2815 416 3231 0 3232 2080 5313 5352
131072 2811 2811 423 3235 0 3236 2062 5299 5338
131072 2839 2839 437 3276 0 3277 2138 5416 5489
131072 2803 2803 420 3224 0 3225 2125 5351 5393
131072 2829 2829 416 3246 0 3247 2079 5327 5367
131072 2810 2810 426 3236 0 3237 2131 5369 5413
131072 2826 2826 412 3238 0 3239 2038 5277 5317
131072 2823 2823 415 3238 0 3239 2133 5372 5413
131072 2842 2842 413 3255 0 3256 2081 5337 5375
131072 2824 2824 424 3249 0 3249 2135 5385 5427
131072 2820 2820 412 3233 0 3234 2065 5299 5342
131072 2838 2838 423 3261 0 3262 2101 5364 5406
262144 5625 5625 856 6481 0 6482 4639 11121 11185
262144 5618 5618 886 6504 0 6504 4745 11250 11318
262144 5607 5607 859 6467 0 6467 4774 11242 11308
262144 5614 5614 869 6483 0 6483 4576 11060 11123
262144 5608 5608 859 6467 0 6468 4583 11052 11115
262144 5602 5602 865 6467 0 6468 4694 11163 11230
262144 5650 5650 872 6522 0 6523 4682 11205 11272
262144 5647 5647 874 6522 0 6522 4467 10990 11054
262144 5618 5618 882 6500 0 6501 4743 11244 11303
262144 5641 5641 874 6515 0 6516 4504 11021 11080
262144 5616 5616 870 6487 0 6488 4714 11202 11265
262144 5619 5619 865 6484 0 6485 4679 11164 11229
262144 5638 5638 859 6497 1 6498 4603 11102 11163
262144 5653 5653 866 6520 0 6520 4482 11003 11063
262144 5635 5635 865 6500 0 6501 4555 11057 11117
262144 5630 5630 863 6493 0 6494 4547 11041 11100
262144 5640 5640 878 6518 0 6519 4563 11083 11149
262144 5598 5598 880 6479 0 6480 4666 11147 11217
262144 5621 5621 898 6519 1 6521 4678 11199 11272
262144 5628 5628 891 6520 1 6521 4711 11233 11303
262144 5611 5611 871 6483 1 6484 4593 11077 11144
262144 5634 5634 872 6506 0 6507 4531 11039 11103
262144 5616 5616 859 6476 0 6477 4471 10948 11012
262144 5617 5617 864 6481 0 6482 4600 11082 11155
262144 5626 5626 863 6490 0 6491 4575 11067 11130
262144 5669 5669 852 6522 0 6522 4547 11070 11132
262144 5631 5631 871 6503 0 6504 4593 11098 11161
262144 5652 5652 850 6503 0 6504 4481 10985 11041
262144 5609 5609 833 6442 0 6443 4534 10977 11067
262144 5659 5659 886 6546 1 6547 4488 11035 11098
262144 5626 5626 869 6496 0 6497 4482 10980 11038
262144 5616 5616 865 6482 0 6483 4525 11008 11067
524288 11238 11238 1688 12927 0 12927 10194 23122 23231
524288 11209 11209 1702 12911 0 12912 10191 23104 23209
524288 11232 11232 1685 12917 0 12918 10361 23279 23380
524288 11232 11232 1696 12928 0 12929 10093 23023 23129
524288 11198 11198 1683 12881 0 12882 10249 23132 23223
524288 11233 11233 1685 12918 0 12919 10165 23084 23180
524288 11203 11203 1665 12868 0 12869 10228 23097 23188
524288 11233 11233 1698 12931 1 12932 10279 23212 23304
524288 11181 11181 1668 12849 0 12850 10021 22871 22941
524288 11195 11195 1656 12852 0 12852 10267 23119 23205
524288 11183 11183 1662 12845 0 12846 10183 23029 23117
524288 11207 11207 1674 12881 0 12882 10329 23212 23301
524288 11300 11300 1696 12997 0 12998 10116 23114 23206
524288 11170 11170 1669 12840 0 12841 10062 22903 22990
524288 11242 11242 1663 12906 0 12907 10104 23011 23101
524288 11173 11173 1643 12817 0 12817 10093 22910 22998
524288 11161 11161 1629 12790 0 12791 9929 22720 22805
524288 11210 11210 1655 12866 0 12867 10110 22977 23059
524288 11233 11233 1664 12898 0 12899 10254 23153 23234
524288 11148 11148 1631 12779 0 12780 9867 22647 22728
524288 11183 11183 1654 12837 0 12838 9875 22714 22797
524288 11215 11215 1657 12873 0 12874 10083 22957 23038
524288 11152 11152 1632 12785 0 12786 9852 22638 22718
524288 11153 11153 1631 12784 0 12784 9746 22531 22613
524288 11166 11166 1640 12806 0 12806 9875 22682 22760
524288 11130 11130 1637 12767 0 12768 9659 22427 22506
524288 11136 11136 1623 12760 0 12761 9720 22481 22564
524288 11166 11166 1634 12800 0 12800 9998 22799 22879
524288 11184 11184 1647 12832 0 12832 9925 22758 22835
524288 11164 11164 1632 12797 0 12798 9630 22429 22509
524288 11121 11121 1621 12742 0 12743 9608 22351 22427
524288 11165 11165 1640 12805 0 12806 9826 22633 22712
1048576 22305 22305 3366 25672 0 25672 22622 48294 48438
1048576 22394 22394 3386 25780 0 25781 22469 48251 48394
1048576 22488 22488 3418 25907 1 25908 22179 48087 48231
1048576 22445 22445 3340 25786 0 25786 22107 47894 48029
1048576 22306 22306 3311 25618 0 25619 21928 47548 47693
1048576 22345 22345 3279 25624 0 25625 22019 47644 47777
1048576 22567 22567 3406 25973 0 25974 21658 47633 47769
1048576 22428 22428 3365 25793 0 25794 21985 47779 47917
1048576 22519 22519 3402 25921 0 25922 21999 47922 48065
1048576 22356 22356 3295 25651 0 25652 21805 47457 47588
1048576 22310 22310 3288 25599 0 25599 21522 47122 47232
1048576 22316 22316 3280 25596 0 25597 21602 47200 47331
1048576 22265 22265 3286 25551 0 25552 21663 47215 47347
1048576 22305 22305 3273 25579 0 25579 21689 47269 47399
1048576 22279 22279 3280 25559 0 25560 21055 46615 46751
1048576 22438 22438 3353 25791 0 25792 21280 47072 47211
1048576 22407 22407 3367 25775 1 25777 21984 47761 47896
1048576 22352 22352 3303 25655 0 25656 21554 47211 47340
1048576 22576 22576 3406 25982 0 25983 21614 47597 47732
1048576 22448 22448 3364 25812 1 25813 21839 47653 47787
1048576 22625 22625 3429 26055 0 26056 21803 47860 47999
1048576 22385 22385 3338 25724 0 25725 21743 47469 47604
1048576 22582 22582 3418 26001 0 26002 21559 47561 47700
1048576 22523 22523 3397 25920 0 25921 21926 47848 47985
1048576 22506 22506 3394 25900 0 25901 21487 47388 47542
1048576 22505 22505 3363 25869 1 25870 22266 48137 48268
1048576 22486 22486 3378 25865 0 25866 21746 47612 47754
1048576 22479 22479 3360 25839 0 25840 22296 48136 48273
1048576 22473 22473 3363 25837 0 25838 21714 47553 47685
1048576 22487 22487 3378 25865 0 25866 21958 47825 47960
1048576 22449 22449 3360 25810 0 25811 21858 47669 47808
1048576 22387 22387 3323 25710 0 25711 21732 47444 47594
2097152 44724 44724 6711 51435 0 51436 50401 101838 102174
2097152 45123 45123 6804 51928 0 51929 50375 102304 102639
2097152 45097 45097 6757 51854 1 51855 50711 102567 102888
2097152 45180 45180 6742 51922 0 51923 50836 102759 103087
2097152 45064 45064 6744 51809 0 51810 50583 102393 102725
2097152 45128 45128 6757 51886 0 51887 50403 102290 102612
2097152 45059 45059 6744 51804 0 51805 50605 102410 102753
2097152 45136 45136 6770 51907 0 51907 51204 103112 103468
2097152 45132 45132 6786 51919 1 51920 50353 102273 102590
2097152 45103 45103 6773 51877 0 51878 51037 102915 103243
2097152 45117 45117 6743 51861 1 51862 50881 102743 103086
2097152 45129 45129 6766 51895 0 51895 51550 103446 103797
2097152 45093 45093 6780 51874 0 51874 50859 102733 103065
2097152 45121 45121 6742 51864 0 51864 51130 102995 103315
2097152 45078 45078 6746 51824 1 51825 50955 102780 103106
2097152 45079 45079 6736 51815 0 51816 50883 102700 103038
2097152 45045 45045 6737 51782 1 51783 50785 102569 102888
2097152 45122 45122 6770 51893 0 51894 50861 102755 103107
2097152 45103 45103 6758 51861 1 51862 51764 103627 103981
2097152 45172 45172 6818 51991 1 51993 50493 102486 102808
2097152 45176 45176 6942 52119 1 52120 50454 102575 102903
2097152 45170 45170 6776 51946 0 51947 50428 102375 102697
2097152 45088 45088 6737 51826 1 51827 50775 102603 102923
2097152 45137 45137 6720 51857 0 51858 50134 101992 102327
2097152 45076 45076 6737 51814 1 51815 50807 102622 102948
2097152 45124 45124 6751 51875 0 51876 51614 103490 103821
2097152 45080 45080 6762 51843 1 51844 51239 103084 103415
2097152 45142 45142 6767 51910 0 51911 50573 102484 102799
2097152 45103 45103 6751 51855 0 51856 50848 102704 103033
2097152 45150 45150 6758 51908 0 51909 50570 102479 102801
2097152 45078 45078 6759 51838 0 51839 50262 102101 102420
2097152 45102 45102 6769 51872 0 51872 50490 102363 102691
4194304 90224 90224 13810 104034 1 104036 127617 231653 232558
4194304 90608 90608 14715 105323 1 105324 125660 230985 231853
4194304 90523 90523 14740 105264 1 105265 126223 231489 232444
4194304 90514 90514 14846 105360 1 105361 125974 231336 232175
4194304 90511 90511 14738 105250 1 105251 129256 234508 235426
4194304 90528 90528 14796 105324 0 105325 126398 231724 232587
4194304 90554 90554 14742 105296 1 105297 125833 231130 232080
4194304 90551 90551 14784 105335 1 105336 127327 232664 233536
4194304 90548 90548 14742 105290 1 105291 125728 231020 231972
4194304 90436 90436 14899 105336 1 105338 126815 232153 232993
4194304 90520 90520 14694 105214 1 105215 128646 233862 234786
4194304 90520 90520 14882 105403 1 105404 126624 232029 232863
4194304 90582 90582 14724 105307 1 105308 126685 231994 232947
4194304 90508 90508 14836 105345 1 105346 127706 233052 233926
4194304 90549 90549 14639 105189 1 105190 126528 231719 232677
4194304 90491 90491 14844 105336 1 105337 125327 230665 231506
4194304 90514 90514 14728 105242 1 105243 126379 231622 232604
4194304 90484 90484 14815 105299 1 105301 126739 232041 232881
4194304 90499 90499 14692 105192 1 105193 126354 231547 232465
4194304 90451 90451 14886 105338 1 105339 126176 231515 232382
4194304 90467 90467 14671 105139 1 105140 125806 230947 231922
4194304 90635 90635 14748 105383 1 105384 126430 231815 232701
4194304 90342 90342 14672 105015 1 105016 127840 232857 233639
4194304 90514 90514 14837 105352 1 105353 128436 233790 234639
4194304 90433 90433 14749 105183 1 105184 127596 232781 233750
4194304 90523 90523 14861 105385 1 105386 126543 231929 232767
4194304 90518 90518 14732 105251 1 105252 125277 230530 231495
4194304 90605 90605 14771 105377 1 105378 126334 231713 232581
4194304 90588 90588 14725 105314 1 105315 126050 231365 232317
4194304 90586 90586 14749 105336 1 105337 126027 231364 232219
4194304 90398 90398 14631 105029 1 105031 125864 230895 231669
4194304 90550 90550 14828 105379 1 105380 126334 231714 232694
8388608 180988 180988 30481 211469 1 211471 323896 535367 537162
8388608 181168 181168 29585 210753 1 210754 324910 535664 537511
8388608 180680 180680 30452 211133 1 211135 329690 540826 542639
8388608 180500 180500 30854 211355 1 211357 330555 541912 543611
8388608 181088 181088 31591 212680 1 212682 334322 547004 548859
8388608 180968 180968 31941 212910 1 212911 342407 555319 557182
8388608 180805 180805 31776 212582 1 212583 342648 555231 557102
8388608 180976 180976 32129 213106 1 213107 334298 547406 549247
8388608 180977 180977 32260 213237 1 213238 339425 552664 554524
8388608 180917 180917 32265 213182 1 213184 336380 549564 551488
8388608 180793 180793 32215 213009 1 213010 340932 553942 555731
8388608 180613 180613 32352 212966 1 212967 339392 552360 554142
8388608 180842 180842 32306 213149 1 213151 334632 547783 549627
8388608 180890 180890 32274 213165 1 213167 337969 551136 553050
8388608 180763 180763 32245 213009 1 213010 342370 555381 557212
8388608 180766 180766 32308 213075 1 213077 334184 547261 549089
8388608 180914 180914 32261 213175 1 213177 338189 551367 553186
8388608 180826 180826 32302 213129 1 213130 342856 555987 557834
8388608 180525 180525 32274 212799 1 212801 338449 551250 553056
8388608 180831 180831 32268 213099 1 213101 337569 550671 552468
8388608 180619 180619 32257 212877 1 212879 334522 547401 549248
8388608 180789 180789 32293 213083 1 213084 335687 548772 550630
8388608 180601 180601 32288 212890 1 212891 341100 553991 555856
8388608 180849 180849 32060 212910 1 212911 343239 556151 557915
8388608 180856 180856 32226 213082 1 213084 338747 551831 553697
8388608 181084 181084 32331 213415 1 213417 341629 555046 556927
8388608 180589 180589 32274 212863 2 212865 340892 553758 555581
8388608 180816 180816 32223 213039 1 213041 334773 547815 549648
8388608 180971 180971 32238 213210 1 213212 341792 555004 556850
8388608 180854 180854 32286 213141 1 213142 335915 549058 550955
8388608 180707 180707 31806 212513 1 212515 338569 551085 552913
8388608 180810 180810 32241 213052 1 213054 343103 556157 557982
16777216 361970 361970 64102 426072 1 426074 773246 1199321 1202457
16777216 362391 362391 64925 427316 1 427318 784672 1211990 1215262
16777216 362262 362262 65326 427589 1 427590 785890 1213481 1216639
16777216 361606 361606 65289 426895 1 426897 775072 1201969 1205164
16777216 363045 363045 64819 427865 1 427866 780166 1208032 1211268
16777216 362469 362469 65153 427622 1 427624 778698 1206322 1209579
16777216 362674 362674 65104 427779 1 427780 773023 1200804 1204072
16777216 362251 362251 64956 427208 1 427210 776568 1203778 1206980
16777216 362022 362022 65251 427273 1 427275 782840 1210116 1213373
16777216 362586 362586 65162 427749 1 427751 771256 1199007 1202206
16777216 362762 362762 64917 427679 1 427681 777532 1205213 1208464
16777216 362417 362417 65293 427711 1 427713 784057 1211771 1215045
16777216 362677 362677 65280 427957 1 427959 776063 1204022 1207215
16777216 361999 361999 65349 427348 1 427350 770817 1198168 1201514
16777216 362342 362342 65166 427509 1 427510 783000 1210511 1213866
16777216 361927 361927 65130 427058 2 427060 775181 1202241 1205609
16777216 362211 362211 65267 427478 1 427480 777429 1204909 1208268
16777216 362389 362389 65065 427454 1 427456 778893 1206349 1209686
16777216 362564 362564 65118 427682 2 427684 775747 1203431 1206773
16777216 362353 362353 65180 427534 1 427536 772065 1199601 1202895
16777216 362546 362546 64946 427492 1 427494 778286 1205781 1209140
16777216 361921 361921 65036 426957 1 426959 773420 1200380 1203747
16777216 362486 362486 65203 427689 1 427691 779933 1207625 1210957
16777216 362440 362440 64947 427388 1 427389 779326 1206716 1209982
16777216 361836 361836 65068 426904 1 426905 776353 1203259 1206622
16777216 362234 362234 65146 427380 1 427382 774121 1201503 1204831
16777216 362668 362668 64988 427657 1 427658 777797 1205455 1208863
16777216 362638 362638 65182 427820 2 427822 774401 1202223 1205595
16777216 362694 362694 65241 427936 2 427938 782722 1210661 1214025
16777216 362320 362320 65007 427328 1 427330 774320 1201651 1204992
16777216 362592 362592 65059 427651 2 427653 773965 1201618 1205017
16777216 362068 362068 65234 427302 2 427304 771897 1199202 1202496
33554432 723390 723390 128516 851907 1 851909 1748158 2600067 2605640
33554432 725633 725633 128702 854336 1 854338 1765614 2619953 2625841
33554432 724518 724518 128644 853162 2 853165 1758683 2611848 2617596
33554432 726408 726408 128113 854521 2 854524 1763410 2617934 2623575
33554432 725567 725567 128163 853730 2 853733 1764379 2618112 2623887
33554432 726106 726106 128523 854629 2 854631 1751993 2606625 2612353
33554432 724755 724755 128075 852831 1 852833 1763507 2616341 2621938
33554432 725850 725850 128174 854024 2 854027 1763305 2617332 2623131
33554432 725214 725214 128478 853693 1 853694 1764572 2618267 2623958
33554432 725962 725962 128369 854331 1 854333 1759176 2613510 2619250
33554432 725523 725523 128048 853572 2 853575 1752173 2605748 2611517
33554432 725328 725328 128134 853463 2 853465 1757997 2611462 2617174
33554432 725569 725569 128374 853944 1 853946 1761378 2615324 2621075
33554432 725919 725919 128247 854167 2 854169 1768166 2622335 2628120
33554432 724989 724989 128395 853384 1 853386 1752858 2606245 2611949
33554432 725482 725482 128375 853858 2 853860 1765242 2619103 2624868
33554432 725466 725466 128164 853630 2 853632 1766042 2619675 2625467
33554432 726210 726210 128496 854706 1 854708 1764601 2619309 2625034
33554432 725198 725198 128066 853265 2 853267 1759495 2612763 2618468
33554432 725452 725452 128051 853503 1 853505 1761475 2614980 2620754
33554432 726190 726190 128363 854554 2 854556 1777058 2631614 2637336
33554432 726360 726360 128330 854690 3 854693 1760694 2615388 2621137
33554432 725490 725490 128144 853635 2 853637 1752384 2606022 2611762
33554432 726205 726205 128313 854519 1 854521 1749356 2603877 2609685
33554432 725075 725075 128102 853177 2 853179 1747804 2600984 2606757
33554432 726444 726444 128353 854797 2 854799 1761702 2616502 2622334
33554432 725141 725141 128355 853496 2 853498 1761504 2615003 2620820
33554432 726032 726032 128191 854224 1 854226 1754977 2609204 2614979
33554432 725138 725138 128077 853216 2 853218 1764333 2617552 2623223
33554432 725434 725434 128485 853920 2 853922 1762175 2616098 2621915
33554432 725947 725947 128039 853987 2 853989 1760578 2614567 2620380
33554432 726584 726584 129131 855715 2 855718 1757713 2613431 2619431
