8 5 5 8 13 0 14 1 15 16
8 4 4 5 9 0 10 2 12 13
8 3 3 6 10 0 11 2 13 13
8 4 4 5 9 0 10 2 12 12
8 4 4 5 9 0 10 2 12 12
8 4 4 5 9 0 9 2 12 12
8 3 3 5 9 0 9 1 11 11
8 3 3 5 9 0 9 1 11 11
8 3 3 5 9 0 9 1 11 11
8 3 3 5 9 0 9 1 11 12
8 3 3 6 9 0 10 1 11 12
8 4 4 5 9 0 10 1 11 12
8 3 3 5 9 0 9 2 11 12
8 4 4 5 10 0 10 1 12 12
8 4 4 5 9 0 9 1 10 11
8 3 3 4 8 0 8 2 10 11
8 3 3 5 9 0 9 2 12 12
8 3 3 4 7 0 8 1 9 10
8 3 3 4 8 0 9 1 10 11
8 3 3 4 8 0 8 2 11 12
8 3 3 5 9 0 9 1 11 12
8 4 4 4 8 0 9 1 10 11
8 3 3 4 8 0 9 1 10 11
8 3 3 4 8 0 8 1 10 10
8 3 3 4 8 0 9 0 10 10
8 3 3 5 9 0 9 2 11 12
8 3 3 4 8 0 9 2 11 11
8 3 3 5 8 0 9 1 10 11
8 4 4 5 9 0 9 1 11 11
8 4 4 4 9 0 9 1 11 11
8 4 4 5 9 0 9 1 11 11
8 3 3 5 9 0 9 1 11 11
16 4 4 5 10 0 10 1 11 12
16 4 4 5 10 0 10 1 12 12
16 4 4 5 9 0 10 2 12 13
16 4 4 4 8 0 9 1 11 11
16 3 3 5 9 0 9 2 11 12
16 4 4 5 10 0 10 2 13 14
16 4 4 5 9 0 9 1 10 11
16 4 4 5 9 0 10 1 11 11
16 4 4 5 9 0 9 1 11 11
16 4 4 5 9 0 10 1 11 11
16 4 4 5 9 0 9 1 11 11
16 4 4 6 10 0 10 1 12 12
16 4 4 4 9 0 9 1 10 11
16 4 4 5 9 0 9 1 11 12
16 4 4 5 10 0 10 1 11 12
16 3 3 4 8 0 9 2 11 11
16 3 3 4 8 0 8 2 11 11
16 4 4 5 10 0 10 1 12 12
16 3 3 5 9 0 10 1 11 12
16 4 4 5 9 0 10 2 12 13
16 4 4 5 9 0 10 2 12 12
16 4 4 5 9 0 9 1 11 11
16 4 4 5 9 0 10 1 11 12
16 4 4 4 9 0 9 0 10 11
16 4 4 5 9 0 9 2 11 12
16 4 4 5 9 0 10 1 11 12
16 4 4 4 9 0 9 0 10 10
16 4 4 5 9 0 9 1 11 11
16 4 4 4 9 0 9 2 11 12
16 4 4 5 9 0 9 1 11 11
16 4 4 5 9 0 9 1 11 11
16 4 4 5 9 0 9 1 11 11
32 5 5 4 9 0 10 2 12 12
32 4 4 5 10 0 10 1 12 12
32 4 4 4 8 0 9 1 10 11
32 5 5 4 9 0 9 2 12 13
32 4 4 4 9 0 10 2 12 13
32 4 4 4 9 0 10 3 13 13
32 5 5 4 10 0 10 2 13 13
32 5 5 5 10 0 11 1 12 13
32 4 4 4 9 0 9 2 12 12
32 4 4 4 9 0 10 2 13 13
32 4 4 4 8 0 9 2 11 11
32 5 5 5 10 0 10 1 12 13
32 5 5 5 10 0 10 2 13 13
32 4 4 5 10 0 10 1 12 12
32 4 4 4 9 0 9 1 11 11
32 4 4 4 8 0 9 2 11 12
32 4 4 5 10 0 10 3 13 14
32 5 5 5 10 0 10 1 11 12
32 4 4 4 9 0 10 1 11 12
32 4 4 4 9 0 9 2 12 12
32 4 4 5 9 0 10 2 12 12
32 5 5 4 9 0 10 1 12 12
32 4 4 4 9 0 9 1 11 11
32 4 4 5 9 0 9 2 11 12
32 5 5 5 10 0 10 1 12 12
32 4 4 4 9 0 9 1 11 12
32 4 4 5 10 0 11 2 13 14
32 4 4 5 9 0 10 1 11 12
32 4 4 4 8 0 9 1 10 10
32 4 4 4 9 0 9 1 11 11
32 4 4 4 8 0 9 1 10 11
32 4 4 5 9 0 10 1 11 12
64 6 6 4 10 0 11 1 12 13
64 5 5 4 10 0 11 2 13 14
64 6 6 5 11 0 11 1 13 14
64 6 6 5 11 0 12 2 14 14
64 5 5 4 10 0 11 1 13 13
64 5 5 4 10 0 11 1 12 13
64 6 6 4 10 0 11 2 14 14
64 5 5 4 10 0 10 1 12 12
64 5 5 5 11 0 11 2 14 14
64 5 5 5 11 0 11 1 13 13
64 5 5 4 10 0 10 2 13 14
64 6 6 4 11 0 11 1 13 13
64 5 5 4 10 0 11 1 12 13
64 6 6 4 10 0 11 1 12 13
64 5 5 4 10 0 10 1 12 12
64 5 5 4 10 0 10 1 12 12
64 6 6 5 11 0 11 1 12 13
64 6 6 5 11 0 11 2 14 15
64 6 6 4 10 0 11 1 12 13
64 6 6 5 12 0 12 2 14 15
64 6 6 5 11 0 11 1 12 13
64 6 6 5 12 0 12 2 14 15
64 5 5 5 11 0 11 1 13 13
64 6 6 4 11 0 11 2 13 14
64 5 5 4 10 0 11 1 12 13
64 5 5 4 10 0 10 2 12 13
64 6 6 5 11 0 11 2 13 14
64 6 6 5 11 0 11 1 13 13
64 5 5 5 11 0 11 2 13 14
64 6 6 4 10 0 10 2 13 13
64 5 5 5 11 0 11 3 14 15
64 5 5 5 10 0 11 2 13 14
128 7 7 5 12 0 13 2 16 16
128 7 7 5 12 0 13 1 15 15
128 7 7 4 12 0 13 3 16 17
128 8 8 6 14 0 14 2 17 17
128 7 7 5 13 0 13 2 16 16
128 7 7 5 12 0 13 3 16 17
128 7 7 4 11 0 12 1 14 14
128 7 7 4 12 0 12 3 16 16
128 7 7 5 13 0 13 2 15 16
128 7 7 4 12 0 12 2 15 15
128 7 7 5 12 0 12 2 15 15
128 7 7 5 12 0 13 3 16 16
128 7 7 5 12 0 13 2 15 16
128 7 7 4 12 0 12 2 15 16
128 7 7 4 11 0 12 2 14 14
128 7 7 5 12 0 13 2 15 15
128 7 7 5 12 0 13 2 15 16
128 8 8 5 13 0 14 2 16 17
128 7 7 5 13 0 13 2 15 16
128 7 7 5 13 0 13 2 16 16
128 8 8 5 13 0 13 2 15 15
128 7 7 5 12 0 12 2 15 16
128 7 7 4 12 0 12 2 14 15
128 7 7 4 12 0 12 2 14 15
128 6 6 5 11 0 12 2 14 15
128 7 7 4 12 0 12 2 15 15
128 7 7 5 13 0 13 2 16 16
128 7 7 4 12 0 12 2 15 16
128 7 7 4 11 0 12 3 15 15
128 7 7 5 12 0 12 2 15 15
128 7 7 5 12 0 12 2 15 15
128 8 8 5 13 0 14 2 16 17
256 11 11 5 16 0 17 3 20 20
256 11 11 5 16 0 16 3 20 21
256 10 10 4 15 0 16 3 19 20
256 10 10 5 16 0 16 3 20 20
256 19 19 5 24 0 25 3 28 29
256 10 10 5 16 0 16 3 20 21
256 11 11 5 17 0 17 3 21 21
256 10 10 5 16 0 17 3 20 21
256 10 10 5 16 0 16 3 19 20
256 10 10 5 16 0 16 3 20 20
256 10 10 5 15 0 16 3 19 19
256 10 10 5 15 0 16 3 19 20
256 10 10 5 16 0 16 3 20 20
256 10 10 4 15 0 15 3 19 19
256 10 10 5 16 0 16 3 20 21
256 10 10 5 16 0 16 4 20 21
256 10 10 5 15 0 16 3 19 20
256 10 10 5 16 0 16 3 19 20
256 10 10 5 16 0 16 3 20 20
256 10 10 5 16 0 16 3 19 20
256 10 10 5 16 0 16 3 20 21
256 10 10 5 15 0 16 3 20 20
256 10 10 5 16 0 17 2 20 20
256 10 10 5 16 0 16 3 20 21
256 11 11 5 16 0 16 3 20 21
256 10 10 5 15 0 16 3 19 20
256 10 10 5 16 0 16 3 20 20
256 10 10 5 15 0 16 3 19 20
256 10 10 4 15 0 15 3 19 20
256 10 10 4 15 0 15 3 18 19
256 11 11 5 16 0 17 3 20 21
256 10 10 5 15 0 15 3 19 20
512 16 16 6 22 0 22 5 28 28
512 16 16 5 22 0 22 6 29 29
512 16 16 5 22 0 22 6 28 29
512 16 16 5 22 0 22 5 28 28
512 16 16 5 21 0 22 5 27 28
512 16 16 6 22 0 23 6 29 30
512 15 15 5 21 0 22 5 27 28
512 15 15 6 21 0 22 5 27 28
512 14 14 5 20 0 20 5 26 26
512 15 15 5 21 0 21 5 27 27
512 16 16 6 22 0 22 6 29 30
512 17 17 6 23 0 24 5 30 30
512 16 16 6 22 0 23 5 28 29
512 16 16 5 22 0 22 6 29 29
512 16 16 6 22 0 23 6 29 30
512 17 17 5 23 0 23 5 29 29
512 16 16 5 22 0 22 6 28 29
512 16 16 5 22 0 22 6 28 29
512 16 16 5 22 0 22 6 28 29
512 16 16 6 22 0 23 6 29 30
512 16 16 6 22 0 22 6 29 29
512 16 16 7 23 0 23 5 29 29
512 15 15 6 21 0 22 6 28 28
512 16 16 6 23 0 23 6 29 30
512 16 16 6 22 0 23 5 28 29
512 14 14 6 20 0 21 5 26 27
512 14 14 6 20 0 20 5 26 27
512 14 14 5 20 0 20 5 26 26
512 16 16 5 22 0 23 6 30 30
512 16 16 6 22 0 22 6 28 29
512 15 15 5 21 0 21 6 28 28
512 16 16 5 22 0 22 6 29 30
1024 27 27 7 34 0 34 11 46 46
1024 26 26 7 34 0 34 11 45 46
1024 26 26 7 33 0 33 10 44 45
1024 25 25 7 32 0 32 10 43 44
1024 26 26 7 34 0 34 11 45 46
1024 26 26 7 33 0 33 11 44 45
1024 28 28 7 35 0 36 12 48 49
1024 27 27 7 34 0 35 11 46 46
1024 26 26 7 33 0 33 11 45 46
1024 25 25 7 32 0 33 11 44 44
1024 25 25 6 32 0 32 11 43 44
1024 25 25 7 33 0 33 11 44 45
1024 25 25 7 32 0 33 10 44 44
1024 25 25 7 32 0 33 11 44 45
1024 26 26 7 34 0 35 11 47 47
1024 27 27 6 34 0 34 11 45 46
1024 26 26 7 34 0 34 11 46 47
1024 27 27 7 34 0 34 12 46 47
1024 26 26 7 33 0 34 11 45 45
1024 25 25 7 32 0 33 10 44 44
1024 25 25 7 32 0 33 11 44 44
1024 25 25 8 33 0 34 11 45 45
1024 25 25 7 32 0 33 10 44 44
1024 27 27 8 35 0 35 11 47 47
1024 27 27 7 34 0 35 11 46 47
1024 26 26 7 33 0 34 11 45 46
1024 26 26 6 33 0 34 11 45 46
1024 27 27 7 34 0 35 11 46 47
1024 26 26 7 34 0 34 11 46 46
1024 27 27 7 34 0 34 11 46 47
1024 26 26 7 33 0 33 12 46 47
1024 26 26 7 33 0 33 11 44 45
2048 50 50 10 60 0 61 23 84 85
2048 50 50 9 60 0 61 23 84 85
2048 50 50 9 60 0 61 23 84 85
2048 51 51 10 61 0 61 23 85 85
2048 50 50 10 60 0 61 23 84 85
2048 50 50 10 60 0 60 24 85 85
2048 50 50 10 60 0 60 23 84 85
2048 50 50 10 60 0 61 23 84 85
2048 50 50 10 60 0 61 23 85 85
2048 50 50 9 60 0 60 24 85 86
2048 50 50 9 60 0 60 23 84 84
2048 50 50 9 60 0 60 24 85 85
2048 49 49 10 59 0 60 23 83 84
2048 50 50 10 60 0 61 23 84 85
2048 49 49 10 60 0 60 23 84 84
2048 50 50 10 61 0 61 23 85 86
2048 49 49 10 60 0 60 22 83 84
2048 50 50 10 60 0 61 23 84 84
2048 50 50 9 60 0 61 23 85 85
2048 50 50 10 61 0 62 23 85 86
2048 51 51 10 61 0 61 23 85 86
2048 49 49 10 59 0 59 24 84 84
2048 50 50 10 60 0 60 23 84 84
2048 61 61 10 72 0 72 23 96 97
2048 48 48 10 58 0 59 22 82 82
2048 51 51 10 62 0 62 23 86 86
2048 50 50 9 60 0 61 24 85 86
2048 50 50 10 61 0 61 23 85 86
2048 51 51 9 61 0 61 23 85 85
2048 51 51 10 62 0 62 23 86 87
2048 50 50 11 62 0 62 23 86 87
2048 50 50 10 60 0 60 34 95 95
4096 95 95 16 111 0 112 49 161 162
4096 95 95 17 112 0 113 50 163 164
4096 95 95 15 111 0 111 49 161 161
4096 95 95 16 111 0 111 49 161 161
4096 95 95 16 111 0 111 50 161 162
4096 94 94 16 111 0 111 50 161 162
4096 94 94 16 110 0 111 50 161 162
4096 95 95 16 112 0 112 50 163 163
4096 95 95 16 111 0 111 49 161 162
4096 96 96 16 112 0 112 49 162 163
4096 95 95 16 112 0 112 49 162 163
4096 94 94 16 110 0 110 50 161 162
4096 94 94 16 110 0 111 50 161 161
4096 101 101 16 118 0 119 50 169 169
4096 96 96 16 113 0 113 50 163 164
4096 94 94 15 109 0 110 49 159 159
4096 95 95 17 112 0 112 49 162 162
4096 95 95 15 111 0 111 49 160 161
4096 95 95 16 112 0 112 50 162 163
4096 96 96 16 112 0 113 50 163 164
4096 134 134 17 151 0 152 50 202 202
4096 95 95 16 112 0 112 50 163 164
4096 94 94 16 111 0 111 50 162 163
4096 96 96 16 112 0 113 51 164 165
4096 95 95 16 111 0 112 49 162 162
4096 95 95 16 112 0 112 50 163 164
4096 94 94 15 110 0 111 49 161 161
4096 95 95 16 111 0 112 49 161 162
4096 94 94 16 111 0 111 49 161 162
4096 94 94 15 110 0 111 50 162 162
4096 95 95 16 112 0 112 50 162 163
4096 94 94 15 110 0 110 50 161 161
8192 187 187 31 218 0 219 106 325 326
8192 185 185 29 215 0 215 105 321 322
8192 186 186 29 216 0 216 105 322 323
8192 186 186 30 216 0 216 106 322 323
8192 188 188 29 218 0 218 106 325 326
8192 185 185 30 216 0 216 104 321 322
8192 185 185 29 215 0 215 106 321 322
8192 185 185 29 215 0 215 104 320 321
8192 186 186 30 217 0 217 106 323 324
8192 186 186 29 216 0 216 105 321 322
8192 183 183 29 213 0 213 104 317 318
8192 186 186 28 215 0 215 105 320 321
8192 186 186 29 215 0 216 117 334 335
8192 185 185 29 215 0 215 105 320 321
8192 184 184 29 213 0 213 106 320 321
8192 186 186 28 215 0 215 105 321 321
8192 186 186 29 215 0 216 105 321 322
8192 185 185 29 215 0 215 105 321 321
8192 187 187 31 218 0 218 105 324 325
8192 185 185 29 214 0 215 105 320 320
8192 187 187 29 216 0 216 106 323 323
8192 187 187 29 217 0 217 106 324 324
8192 183 183 29 212 0 212 104 317 318
8192 185 185 38 224 0 224 104 329 330
8192 187 187 30 217 0 217 105 322 323
8192 184 184 29 213 0 213 105 319 319
8192 184 184 28 213 0 214 105 319 320
8192 186 186 30 216 0 216 105 322 323
8192 185 185 30 216 0 216 105 322 322
8192 185 185 30 215 0 215 106 322 322
8192 185 185 29 215 0 215 105 320 321
8192 186 186 29 215 0 216 106 322 323
16384 366 366 55 421 0 422 228 650 671
16384 369 369 55 425 0 425 247 673 695
16384 370 370 56 427 0 427 230 657 677
16384 370 370 55 426 0 427 230 657 677
16384 368 368 56 425 0 425 231 656 676
16384 378 378 56 435 0 436 232 668 688
16384 369 369 56 425 0 426 232 658 678
16384 367 367 56 424 0 424 230 654 672
16384 369 369 55 425 0 426 231 657 677
16384 368 368 56 425 0 425 230 656 676
16384 369 369 55 424 0 425 231 656 675
16384 368 368 56 425 0 425 229 655 675
16384 367 367 65 433 0 433 232 665 686
16384 368 368 56 424 0 424 230 655 673
16384 370 370 56 427 0 427 229 657 676
16384 368 368 54 423 0 423 229 653 673
16384 379 379 58 438 0 439 233 673 692
16384 369 369 58 427 0 428 233 661 679
16384 368 368 55 423 0 424 233 657 676
16384 369 369 55 425 0 425 232 658 677
16384 368 368 55 424 0 424 231 656 673
16384 368 368 54 423 0 423 229 653 672
16384 368 368 55 423 0 424 231 656 673
16384 388 388 55 443 0 444 229 673 691
16384 367 367 55 422 0 422 232 655 675
16384 368 368 55 424 0 425 234 659 766
16384 369 369 57 426 0 427 242 669 693
16384 369 369 56 426 0 426 235 662 682
16384 369 369 54 424 0 424 230 655 674
16384 369 369 54 424 0 424 229 654 673
16384 381 381 57 439 0 439 230 669 690
16384 369 369 56 425 0 426 231 658 677
32768 729 729 110 840 0 840 521 1362 1397
32768 737 737 111 849 0 849 515 1365 1398
32768 728 728 108 837 0 838 515 1353 1384
32768 739 739 111 851 0 851 516 1368 1399
32768 726 726 108 835 0 836 511 1348 1379
32768 723 723 108 832 0 832 525 1358 1391
32768 723 723 108 832 0 832 513 1346 1378
32768 725 725 108 833 0 833 509 1343 1389
32768 721 721 108 830 0 830 509 1340 1374
32768 729 729 110 839 0 839 519 1359 1392
32768 721 721 109 830 0 831 513 1344 1377
32768 726 726 110 836 0 837 513 1350 1384
32768 739 739 110 849 0 850 512 1362 1395
32768 726 726 109 836 0 837 513 1350 1381
32768 727 727 117 845 0 846 514 1360 1395
32768 728 728 108 837 0 838 520 1358 1394
32768 730 730 110 840 0 841 531 1372 1404
32768 726 726 108 835 0 835 516 1352 1383
32768 724 724 109 834 0 835 510 1345 1381
32768 728 728 110 838 0 839 520 1359 1623
32768 727 727 111 838 0 838 528 1366 1400
32768 722 722 108 831 0 832 511 1343 1374
32768 727 727 110 837 0 838 523 1361 1394
32768 725 725 109 835 0 836 514 1350 1381
32768 726 726 108 835 0 835 515 1350 1381
32768 739 739 110 849 0 850 519 1370 1401
32768 726 726 110 836 0 837 515 1352 1384
32768 741 741 112 854 0 855 517 1373 1402
32768 727 727 111 839 0 839 519 1359 1391
32768 724 724 109 833 0 834 525 1360 1392
32768 730 730 111 841 0 842 520 1362 1391
32768 726 726 110 837 0 837 531 1369 1403
65536 1422 1422 213 1635 0 1636 1120 2757 2798
65536 1441 1441 215 1656 0 1657 1129 2786 2830
65536 1445 1445 215 1661 0 1662 1124 2786 2825
65536 1439 1439 215 1654 0 1655 1149 2805 2846
65536 1429 1429 211 1641 0 1641 1139 2780 2823
65536 1426 1426 214 1640 0 1641 1116 2758 2799
65536 1432 1432 214 1646 0 1647 1129 2777 2817
65536 1441 1441 217 1659 0 1660 1123 2783 2822
65536 1444 1444 211 1655 0 1656 1128 2784 2824
65536 1434 1434 216 1651 0 1652 1146 2798 2839
65536 1441 1441 214 1655 0 1656 1129 2785 2823
65536 1438 1438 212 1650 0 1651 1135 2786 2827
65536 1453 1453 215 1668 0 1669 1141 2810 2851
65536 1444 1444 218 1662 0 1663 1131 2794 2835
65536 1431 1431 211 1643 0 1643 1139 2783 2827
65536 1435 1435 213 1649 0 1650 1136 2786 2829
65536 1439 1439 212 1651 0 1652 1133 2785 2824
65536 1442 1442 214 1656 0 1657 1120 2778 2817
65536 1447 1447 218 1665 0 1665 1127 2793 2835
65536 1436 1436 213 1649 0 1650 1134 2785 2824
65536 1433 1433 212 1645 0 1646 1133 2779 2818
65536 1433 1433 215 1648 0 1649 1123 2772 2812
65536 1436 1436 212 1649 0 1650 1126 2777 2818
65536 1452 1452 215 1668 0 1668 1124 2793 2862
65536 1474 1474 212 1686 0 1687 1136 2823 2877
65536 1437 1437 213 1650 0 1650 1143 2794 2836
65536 1428 1428 213 1642 0 1642 1131 2774 2815
65536 1425 1425 210 1635 0 1636 1115 2751 2790
65536 1448 1448 220 1668 0 1669 1123 2793 2832
65536 1436 1436 211 1648 0 1649 1120 2769 2809
65536 1431 1431 212 1644 0 1644 1135 2780 2823
65536 1438 1438 213 1652 0 1653 1141 2794 2833
131072 2847 2847 412 3259 0 3260 2496 5756 5811
131072 2863 2863 423 3286 1 3287 2516 5804 5853
131072 2862 2862 425 3288 0 3288 2499 5788 5841
131072 2877 2877 413 3291 0 3292 2510 5802 5852
131072 2870 2870 410 3280 0 3281 2448 5730 5782
131072 2877 2877 416 3293 0 3294 2533 5828 5883
131072 2863 2863 414 3278 0 3279 2493 5772 5839
131072 2851 2851 420 3271 1 3272 2505 5777 5836
131072 2870 2870 416 3286 0 3286 2498 5784 5836
131072 2842 2842 419 3262 1 3263 2470 5734 5784
131072 2874 2874 418 3292 1 3293 2471 5764 5813
131072 2869 2869 414 3284 0 3284 2450 5735 5785
131072 2877 2877 417 3295 0 3295 2515 5810 5865
131072 2868 2868 413 3281 0 3282 2491 5774 5825
131072 2858 2858 409 3268 0 3269 2497 5766 5814
131072 2860 2860 411 3272 0 3273 2458 5732 5783
131072 2850 2850 411 3262 0 3263 2476 5740 5792
131072 2872 2872 416 3289 0 3289 2481 5771 5822
131072 2850 2850 427 3278 1 3279 2443 5723 5773
131072 2854 2854 416 3271 0 3271 2490 5762 5818
131072 2870 2870 415 3285 0 3286 2484 5770 5820
131072 2874 2874 414 3288 1 3289 2478 5767 5816
131072 2850 2850 411 3261 1 3262 2448 5711 5761
131072 2852 2852 418 3270 0 3271 2467 5738 5791
131072 2861 2861 414 3276 0 3277 2452 5729 5781
131072 2844 2844 409 3253 0 3254 2450 5704 5757
131072 2879 2879 414 3293 0 3294 2460 5754 5801
131072 2861 2861 425 3286 0 3287 2490 5778 5835
131072 2861 2861 413 3275 0 3276 2462 5738 5786
131072 2889 2889 426 3315 0 3316 2507 5823 5880
131072 2862 2862 420 3283 0 3283 2448 5732 5784
131072 2877 2877 420 3298 0 3299 2459 5759 5814
262144 5682 5682 809 6492 1 6493 5520 12014 12084
262144 5701 5701 809 6511 0 6511 5466 11977 12047
262144 5719 5719 819 6539 1 6540 5495 12036 12108
262144 5702 5702 823 6526 1 6527 5411 11939 12010
262144 5714 5714 810 6524 0 6525 5384 11910 11978
262144 5705 5705 807 6512 0 6513 5350 11863 11928
262144 5710 5710 819 6529 1 6530 5513 12044 12120
262144 5735 5735 816 6551 0 6552 5350 11902 11971
262144 5686 5686 806 6492 1 6493 5346 11839 11908
262144 5697 5697 830 6527 0 6528 5380 11909 11980
262144 5703 5703 813 6517 0 6517 5409 11927 11997
262144 5685 5685 819 6504 1 6506 5434 11940 12011
262144 5699 5699 829 6529 1 6530 5307 11837 11910
262144 5680 5680 824 6504 0 6505 5253 11759 11832
262144 5693 5693 805 6499 0 6499 5294 11794 11860
262144 5697 5697 804 6501 0 6502 5268 11770 11838
262144 5695 5695 796 6491 1 6492 5224 11717 11785
262144 5729 5729 810 6539 0 6540 5301 11842 11910
262144 5704 5704 811 6516 0 6517 5312 11829 11899
262144 5686 5686 811 6498 0 6498 5256 11755 11822
262144 5677 5677 805 6482 0 6483 5261 11744 11810
262144 5681 5681 803 6485 0 6486 5238 11724 11790
262144 5684 5684 798 6482 0 6483 5249 11733 11799
262144 5722 5722 822 6544 0 6544 5356 11901 11968
262144 5686 5686 800 6487 0 6487 5214 11701 11767
262144 5696 5696 807 6503 1 6504 5268 11773 11836
262144 5700 5700 811 6511 0 6512 5233 11745 11812
262144 5685 5685 804 6489 0 6490 5257 11747 11810
262144 5695 5695 817 6512 0 6513 5205 11719 11784
262144 5670 5670 810 6481 0 6481 5210 11692 11756
262144 5701 5701 810 6512 0 6512 5213 11726 11786
262144 5734 5734 819 6554 0 6555 5315 11870 11933
524288 11366 11366 1598 12965 0 12966 11235 24202 24294
524288 11384 11384 1604 12989 0 12990 11206 24197 24291
524288 11377 11377 1618 12996 0 12997 11247 24244 24342
524288 11411 11411 1607 13018 0 13019 11250 24269 24360
524288 11402 11402 1573 12976 0 12977 11020 23998 24081
524288 11386 11386 1578 12965 0 12965 11113 24079 24168
524288 11360 11360 1591 12951 0 12952 11157 24109 24201
524288 11333 11333 1573 12907 0 12908 11056 23964 24049
524288 11346 11346 1595 12942 0 12942 11075 24018 24106
524288 11363 11363 1563 12927 0 12928 11016 23944 24030
524288 11341 11341 1544 12885 0 12886 10993 23880 23961
524288 11331 11331 1545 12876 0 12877 11107 23984 24069
524288 11331 11331 1561 12892 0 12893 10956 23849 23935
524288 11358 11358 1568 12926 0 12927 11123 24050 24139
524288 11351 11351 1552 12904 0 12905 11006 23911 24000
524288 11368 11368 1559 12928 0 12929 10957 23887 23969
524288 11301 11301 1559 12861 0 12862 11047 23910 23998
524288 11320 11320 1550 12870 0 12871 11028 23900 23980
524288 11338 11338 1572 12910 0 12911 10978 23889 23973
524288 11322 11322 1554 12877 0 12878 11015 23893 23976
524288 11334 11334 1539 12873 0 12874 11060 23934 24016
524288 11312 11312 1541 12854 0 12855 10977 23832 23913
524288 11346 11346 1546 12893 0 12894 11056 23950 24041
524288 11358 11358 1573 12931 0 12932 11161 24094 24181
524288 11366 11366 1547 12914 0 12915 11044 23959 24041
524288 11352 11352 1572 12925 0 12925 10930 23856 23939
524288 11314 11314 1548 12862 0 12863 11106 23969 24056
524288 11308 11308 1564 12873 0 12873 10953 23827 23907
524288 11380 11380 1576 12957 0 12958 11043 24001 24087
524288 11370 11370 1553 12924 0 12925 11017 23942 24025
524288 11314 11314 1553 12867 0 12868 11087 23955 24040
524288 11321 11321 1537 12859 0 12860 10951 23812 23893
1048576 22659 22659 3100 25759 1 25760 23754 49515 49649
1048576 22693 22693 3145 25838 0 25839 23545 49385 49529
1048576 22727 22727 3099 25827 1 25828 24002 49830 49968
1048576 22583 22583 3055 25638 0 25639 23583 49223 49368
1048576 22851 22851 3242 26094 0 26095 23628 49723 49891
1048576 22647 22647 3091 25739 0 25740 23551 49291 49427
1048576 22839 22839 3193 26033 0 26034 23784 49818 49957
1048576 22554 22554 3048 25602 0 25603 23639 49242 49376
1048576 22682 22682 3092 25775 0 25775 23715 49491 49619
1048576 22537 22537 3017 25554 0 25555 23449 49004 49137
1048576 22681 22681 3077 25758 0 25759 23685 49445 49574
1048576 22548 22548 3005 25553 0 25554 23468 49022 49154
1048576 22668 22668 3080 25748 0 25749 23681 49430 49563
1048576 22521 22521 3011 25533 0 25533 23520 49054 49187
1048576 22672 22672 3086 25758 0 25759 23738 49497 49632
1048576 22471 22471 3006 25478 0 25478 23360 48839 48974
1048576 22676 22676 3080 25757 0 25758 23845 49603 49732
1048576 22580 22580 3011 25591 0 25592 23357 48949 49083
1048576 22663 22663 3083 25746 0 25747 23660 49407 49539
1048576 22538 22538 3010 25548 0 25549 23530 49080 49214
1048576 22654 22654 3084 25739 1 25740 23742 49482 49613
1048576 22830 22830 3212 26042 0 26043 23923 49966 50111
1048576 22692 22692 3081 25773 0 25774 23717 49491 49630
1048576 22805 22805 3160 25966 0 25967 24006 49973 50107
1048576 22753 22753 3154 25908 0 25909 23705 49614 49763
1048576 22791 22791 3118 25909 1 25910 23541 49452 49591
1048576 22809 22809 3140 25950 0 25951 23979 49931 50066
1048576 22733 22733 3177 25910 1 25911 23830 49741 49886
1048576 22758 22758 3094 25852 1 25854 23736 49591 49729
1048576 22820 22820 3155 25976 1 25977 23925 49903 50039
1048576 22737 22737 3165 25903 0 25904 23890 49795 49940
1048576 22765 22765 3093 25859 0 25860 23622 49482 49621
2097152 45522 45522 6352 51874 0 51875 51308 103183 103449
2097152 45199 45199 6252 51452 0 51453 50533 101986 102261
2097152 45610 45610 6441 52051 1 52052 51219 103272 103523
2097152 44970 44970 6185 51156 0 51157 51214 102372 102654
2097152 45504 45504 6291 51795 0 51796 51203 102999 103243
2097152 44917 44917 6251 51169 1 51170 50972 102143 102424
2097152 45589 45589 6321 51911 1 51912 50956 102869 103114
2097152 45031 45031 6221 51253 0 51253 50863 102117 102396
2097152 45595 45595 6337 51932 1 51933 50862 102796 103036
2097152 44932 44932 6238 51170 1 51171 50775 101946 102224
2097152 45498 45498 6325 51824 1 51825 51183 103008 103264
2097152 45009 45009 6263 51272 1 51273 50854 102128 102412
2097152 45632 45632 6318 51951 1 51952 50858 102810 103050
2097152 44972 44972 6238 51211 1 51212 50568 101781 102054
2097152 45611 45611 6311 51922 1 51924 51029 102953 103190
2097152 44913 44913 6252 51166 0 51167 50558 101726 102005
2097152 45570 45570 6331 51901 1 51902 50841 102744 102989
2097152 45017 45017 6221 51239 0 51239 51112 102351 102625
2097152 45616 45616 6323 51939 1 51940 50906 102846 103101
2097152 44975 44975 6241 51217 0 51218 50633 101851 102124
2097152 45611 45611 6327 51938 0 51939 51021 102961 103202
2097152 44963 44963 6261 51225 1 51226 50490 101716 101999
2097152 45589 45589 6323 51913 0 51914 51027 102942 103189
2097152 44975 44975 6237 51212 1 51213 51170 102383 102659
2097152 45575 45575 6328 51904 0 51904 50843 102748 103004
2097152 44924 44924 6261 51186 0 51187 50596 101784 102066
2097152 45539 45539 6299 51839 1 51840 50785 102625 102891
2097152 44985 44985 6362 51347 0 51348 50967 102316 102595
2097152 45611 45611 6326 51937 0 51938 50850 102789 103038
2097152 44949 44949 6282 51231 0 51232 51083 102315 102589
2097152 45569 45569 6338 51908 1 51909 50955 102865 103111
2097152 44938 44938 6279 51217 1 51218 50904 102122 102401
4194304 91099 91099 12747 103847 1 103848 119974 223823 224537
4194304 89738 89738 12801 102540 0 102541 118449 220990 221705
4194304 91501 91501 12927 104429 1 104430 118596 223026 223709
4194304 89912 89912 12665 102578 1 102579 118197 220776 221526
4194304 91564 91564 13058 104622 1 104624 119418 224042 224750
4194304 90071 90071 12690 102761 1 102762 118253 221016 221764
4194304 91573 91573 12925 104498 0 104499 120009 224509 225215
4194304 90009 90009 12720 102730 1 102731 118408 221139 221905
4194304 91520 91520 12916 104436 1 104437 119183 223621 224334
4194304 89945 89945 12744 102690 1 102691 119722 222414 223205
4194304 91470 91470 12811 104281 0 104282 120958 225241 225900
4194304 90138 90138 12715 102853 1 102854 118063 220918 221657
4194304 91592 91592 12930 104523 1 104524 121621 226145 226863
4194304 90167 90167 12697 102865 1 102866 118102 220969 221766
4194304 91737 91737 12978 104716 1 104717 121479 226197 226948
4194304 90071 90071 12709 102781 0 102782 118234 221016 221781
4194304 91788 91788 12946 104735 1 104736 121447 226184 226923
4194304 90143 90143 12706 102849 1 102851 118735 221586 222341
4194304 91571 91571 12897 104469 1 104470 120790 225261 226000
4194304 90087 90087 12693 102780 1 102782 118800 221582 222318
4194304 91575 91575 12928 104504 1 104505 118818 223323 224021
4194304 90003 90003 12703 102707 0 102708 118539 221247 222008
4194304 91608 91608 12881 104489 1 104490 119207 223698 224428
4194304 90005 90005 12823 102829 1 102830 120088 222918 223671
4194304 91608 91608 12918 104526 0 104527 120922 225449 226161
4194304 90017 90017 12693 102710 1 102711 118375 221087 221832
4194304 89369 89369 12618 101987 0 101988 117897 219886 220641
4194304 91561 91561 12896 104458 1 104460 119058 223518 224235
4194304 90087 90087 12708 102795 0 102796 118387 221184 221943
4194304 91575 91575 12917 104492 1 104493 119025 223519 224248
4194304 90076 90076 12711 102788 1 102789 118455 221245 221997
4194304 89487 89487 12596 102084 0 102085 118529 220614 221362
8388608 182967 182967 25861 208828 1 208829 293351 502181 503724
8388608 179538 179538 25843 205382 1 205383 294160 499544 501238
8388608 182954 182954 25985 208940 1 208941 297609 506551 508131
8388608 179723 179723 25439 205162 1 205164 299812 504976 506629
8388608 183138 183138 25845 208983 1 208985 299206 508191 509746
8388608 179547 179547 25408 204956 1 204957 297542 502499 504175
8388608 183142 183142 25911 209054 1 209055 299242 508297 509850
8388608 179535 179535 25547 205083 1 205085 298100 503185 504812
8388608 183126 183126 25893 209020 1 209021 301870 510891 512475
8388608 179562 179562 25498 205060 1 205062 299213 504275 505910
8388608 183135 183135 25852 208987 1 208989 299500 508489 510034
8388608 179341 179341 25550 204892 1 204893 300780 505674 507335
8388608 183055 183055 25868 208924 1 208925 300206 509132 510708
8388608 179577 179577 25496 205073 1 205075 297790 502865 504529
8388608 182826 182826 25787 208613 1 208615 300041 508657 510225
8388608 179555 179555 25460 205015 1 205016 301795 506812 508453
8388608 183158 183158 25930 209088 1 209089 300760 509850 511461
8388608 179557 179557 25466 205023 1 205025 297949 502974 504602
8388608 183095 183095 25949 209045 1 209046 301491 510537 512130
8388608 179517 179517 25486 205003 1 205005 302821 507827 509523
8388608 183027 183027 26013 209040 1 209042 300420 509462 511077
8388608 179576 179576 25479 205056 1 205057 298657 503715 505390
8388608 183141 183141 26003 209145 1 209146 300491 509638 511200
8388608 179561 179561 25481 205042 1 205044 299148 504192 505843
8388608 183089 183089 25966 209056 1 209057 300433 509491 511097
8388608 179498 179498 25439 204938 1 204939 300249 505189 506857
8388608 183044 183044 25973 209017 1 209019 301597 510616 512171
8388608 179536 179536 25466 205002 1 205004 297946 502951 504680
8388608 182885 182885 25981 208866 1 208868 303241 512110 513652
8388608 179535 179535 25493 205028 1 205030 299674 504705 506425
8388608 183026 183026 26009 209036 1 209037 303485 512522 514103
8388608 179589 179589 25494 205084 1 205085 298739 503824 505495
16777216 365921 365921 51460 417382 1 417384 677687 1095071 1097899
16777216 359392 359392 50806 410198 2 410200 670144 1080345 1083491
16777216 366265 366265 51747 418013 1 418014 675253 1093267 1096148
16777216 359083 359083 50666 409749 1 409751 669603 1079355 1082377
16777216 366235 366235 51787 418023 1 418025 674007 1092033 1094930
16777216 359042 359042 50773 409815 1 409817 670290 1080107 1083160
16777216 366390 366390 51488 417878 1 417880 680138 1098018 1100905
16777216 359117 359117 50975 410092 1 410094 673189 1083284 1086356
16777216 366185 366185 51537 417723 1 417724 674584 1092309 1095180
16777216 359181 359181 50704 409885 1 409887 672018 1081905 1084930
16777216 366370 366370 51705 418075 2 418077 680663 1098741 1101587
16777216 367764 367764 51837 419601 1 419603 686098 1105702 1108741
16777216 359196 359196 50799 409996 2 409998 671237 1081235 1084254
16777216 366713 366713 51532 418245 1 418247 677719 1095966 1098783
16777216 359265 359265 50802 410068 1 410070 674048 1084119 1087160
16777216 366299 366299 51713 418012 1 418014 674976 1092991 1095886
16777216 359061 359061 50678 409740 1 409741 670438 1080180 1083227
16777216 366404 366404 51579 417983 2 417985 676800 1094786 1097608
16777216 359221 359221 50815 410036 1 410038 669200 1079238 1082280
16777216 366105 366105 51456 417561 1 417563 677658 1095222 1098030
16777216 359204 359204 50851 410056 2 410058 669789 1079847 1082919
16777216 366265 366265 51582 417848 1 417850 675451 1093301 1096184
16777216 359027 359027 50663 409690 1 409691 670444 1080136 1083199
16777216 366286 366286 51618 417905 1 417906 676875 1094782 1097626
16777216 359107 359107 50829 409936 1 409938 668422 1078361 1081397
16777216 366557 366557 51436 417994 1 417996 676119 1094115 1096926
16777216 359194 359194 50837 410032 1 410034 671522 1081556 1084617
16777216 358817 358817 50794 409612 1 409613 663967 1073581 1076661
16777216 366379 366379 51575 417954 2 417957 676755 1094712 1097759
16777216 359401 359401 50748 410150 1 410152 669611 1079763 1082796
16777216 366515 366515 51684 418200 1 418202 675204 1093406 1096287
16777216 359019 359019 50924 409944 1 409945 670480 1080426 1083468
33554432 731225 731225 102840 834066 2 834068 1473587 2307655 2313252
33554432 716987 716987 101028 818015 2 818017 1461007 2279024 2285160
33554432 716767 716767 101146 817913 2 817915 1460388 2278304 2284443
33554432 731750 731750 102699 834450 2 834452 1471578 2306030 2311761
33554432 717006 717006 101248 818254 2 818256 1456775 2275032 2281009
33554432 731815 731815 102537 834352 2 834354 1473387 2307742 2313328
33554432 716516 716516 100924 817440 1 817442 1467165 2284607 2290695
33554432 731848 731848 102863 834712 2 834714 1473038 2307752 2313396
33554432 716586 716586 101049 817636 2 817638 1458567 2276205 2282226
33554432 731778 731778 102880 834659 1 834660 1469808 2304468 2310096
33554432 717219 717219 100986 818205 2 818208 1459801 2278009 2283949
33554432 732005 732005 102711 834716 1 834718 1474566 2309285 2314938
33554432 717038 717038 101047 818085 2 818088 1464622 2282710 2288812
33554432 731720 731720 102525 834245 2 834247 1472756 2307004 2312596
33554432 717367 717367 101039 818406 2 818409 1459549 2277958 2284075
33554432 731897 731897 102662 834559 2 834561 1475274 2309835 2315340
33554432 717095 717095 100978 818073 2 818075 1465332 2283408 2289384
33554432 731573 731573 102605 834178 2 834180 1476749 2310930 2316586
33554432 717098 717098 101012 818111 2 818113 1460035 2278149 2284080
33554432 731277 731277 102211 833488 2 833490 1474571 2308062 2313774
33554432 716774 716774 101212 817986 1 817988 1458207 2276195 2282217
33554432 731475 731475 102554 834030 2 834032 1473710 2307742 2313394
33554432 716639 716639 100910 817550 2 817552 1461914 2279467 2285517
33554432 731493 731493 102730 834224 2 834226 1482919 2317146 2322796
33554432 716743 716743 100948 817692 1 817694 1459815 2277509 2283517
33554432 731690 731690 102693 834383 2 834385 1472496 2306881 2312528
33554432 717010 717010 101043 818054 1 818056 1466065 2284121 2290182
33554432 731677 731677 102752 834430 2 834432 1471794 2306226 2311873
33554432 717271 717271 101050 818322 2 818324 1458386 2276710 2282779
33554432 731623 731623 102795 834418 2 834421 1472859 2307281 2312883
33554432 717606 717606 100979 818585 2 818588 1469615 2288203 2294175
33554432 731644 731644 102838 834482 2 834484 1483560 2318044 2323740
