8 5 5 7 12 0 13 0 13 14
8 3 3 4 8 0 9 0 9 9
8 3 3 6 10 0 10 0 11 11
8 3 3 5 9 0 9 0 10 10
8 4 4 5 9 0 9 0 10 10
8 3 3 5 9 0 9 0 10 10
8 3 3 4 7 0 8 0 8 8
8 3 3 4 8 0 9 0 9 9
8 3 3 5 9 0 9 0 9 10
8 4 4 6 10 0 10 0 10 11
8 3 3 4 8 0 8 0 9 9
8 4 4 5 9 0 10 0 10 11
8 3 3 5 9 0 9 0 10 10
8 3 3 4 8 0 9 0 9 9
8 3 3 5 8 0 9 0 9 9
8 3 3 4 8 0 8 0 8 9
8 4 4 5 10 0 10 0 11 11
8 3 3 5 8 0 9 0 9 10
8 3 3 5 9 0 9 0 10 10
8 4 4 5 9 0 10 0 10 10
8 4 4 5 9 0 10 0 10 11
8 4 4 5 9 0 10 0 10 10
8 4 4 5 10 0 10 0 10 11
8 3 3 4 8 0 8 0 9 9
8 3 3 5 8 0 9 0 9 9
8 4 4 5 9 0 10 0 10 10
8 3 3 4 8 0 9 0 9 9
8 3 3 5 8 0 9 0 9 9
8 4 4 5 10 0 10 0 10 11
8 4 4 5 9 0 9 0 9 10
8 4 4 5 9 0 10 0 10 10
8 3 3 3 7 0 8 0 8 8
16 4 4 4 9 0 9 0 10 10
16 4 4 5 9 0 10 0 10 10
16 4 4 4 9 0 9 0 9 10
16 4 4 5 10 0 10 0 11 11
16 4 4 4 9 0 9 0 9 10
16 4 4 4 8 0 9 0 9 9
16 4 4 5 9 0 10 0 10 10
16 4 4 5 9 0 10 0 10 10
16 4 4 5 10 0 10 0 10 11
16 4 4 5 9 0 9 0 10 10
16 4 4 5 9 0 10 0 10 10
16 4 4 5 9 0 9 0 10 10
16 4 4 5 10 0 10 0 11 11
16 4 4 5 9 0 10 0 10 10
16 4 4 5 10 0 10 0 10 11
16 4 4 5 10 0 10 0 10 11
16 4 4 5 10 0 10 0 10 11
16 4 4 4 8 0 9 0 9 9
16 4 4 5 9 0 9 0 10 10
16 4 4 5 9 0 10 0 10 10
16 4 4 4 9 0 9 0 9 10
16 4 4 5 10 0 10 0 11 11
16 4 4 4 9 0 9 0 9 10
16 4 4 4 8 0 9 0 9 10
16 4 4 5 9 0 9 0 10 10
16 4 4 5 9 0 10 0 10 11
16 3 3 4 8 0 9 0 9 9
16 3 3 4 8 0 8 0 9 9
16 3 3 4 8 0 8 0 8 9
16 3 3 4 7 0 8 0 8 9
16 4 4 5 10 0 10 0 11 11
16 4 4 5 9 0 10 0 10 10
32 4 4 5 10 0 10 0 11 11
32 4 4 5 10 0 10 0 11 11
32 4 4 5 9 0 10 0 10 11
32 4 4 5 10 0 10 0 11 11
32 4 4 5 10 0 10 0 10 11
32 4 4 5 9 0 10 0 10 11
32 4 4 5 10 0 10 0 11 11
32 4 4 5 10 0 10 0 11 11
32 4 4 4 9 0 9 0 10 10
32 5 5 4 9 0 10 0 10 11
32 4 4 5 9 0 10 0 10 10
32 5 5 5 10 0 10 0 11 11
32 4 4 5 10 0 10 0 10 11
32 4 4 5 9 0 10 0 10 11
32 4 4 5 10 0 10 0 11 11
32 4 4 5 10 0 10 0 11 11
32 4 4 4 9 0 9 0 10 10
32 4 4 4 8 0 9 0 9 9
32 5 5 5 10 0 10 0 11 11
32 4 4 4 8 0 9 0 9 9
32 4 4 4 8 0 9 0 9 9
32 4 4 5 9 0 10 0 10 11
32 4 4 5 9 0 9 0 10 10
32 4 4 4 8 0 8 0 9 9
32 4 4 4 9 0 9 0 10 10
32 4 4 4 8 0 9 0 9 9
32 4 4 5 10 0 10 0 11 11
32 4 4 4 9 0 9 0 10 10
32 4 4 4 8 0 9 0 9 10
32 4 4 4 9 0 9 0 9 10
32 4 4 4 8 0 9 0 9 9
32 4 4 4 8 0 8 0 9 9
64 6 6 5 11 0 12 0 12 12
64 5 5 4 10 0 10 0 11 11
64 5 5 4 10 0 11 0 11 12
64 6 6 4 10 0 10 0 11 11
64 5 5 4 10 0 10 0 11 11
64 5 5 4 10 0 11 0 11 12
64 5 5 4 9 0 10 0 10 11
64 5 5 4 10 0 10 0 11 11
64 5 5 4 10 0 10 0 11 11
64 5 5 4 10 0 11 0 11 11
64 6 6 4 10 0 11 0 11 12
64 5 5 5 11 0 12 0 12 13
64 6 6 5 11 0 11 0 12 12
64 6 6 4 10 0 11 0 11 12
64 6 6 4 10 0 11 0 11 12
64 6 6 4 10 0 10 0 11 11
64 5 5 5 11 0 11 0 12 12
64 6 6 4 10 0 11 0 11 12
64 5 5 5 11 0 12 0 12 12
64 5 5 4 10 0 10 0 11 11
64 6 6 4 10 0 11 0 11 11
64 5 5 4 10 0 10 0 11 11
64 6 6 4 10 0 10 0 11 11
64 5 5 4 10 0 10 0 11 11
64 5 5 4 10 0 11 0 11 12
64 6 6 4 10 0 10 0 11 11
64 5 5 4 9 0 10 0 10 11
64 5 5 5 10 0 11 0 11 11
64 6 6 4 11 0 11 0 11 12
64 5 5 5 11 0 11 0 12 12
64 5 5 4 9 0 10 0 10 11
64 5 5 4 9 0 10 0 10 10
128 7 7 5 13 0 13 0 14 15
128 7 7 5 12 0 13 0 14 14
128 7 7 5 12 0 13 0 14 14
128 7 7 5 12 0 12 0 13 14
128 7 7 5 12 0 13 0 14 14
128 7 7 4 12 0 12 0 13 14
128 7 7 4 12 0 12 0 13 13
128 7 7 5 12 0 12 0 13 13
128 7 7 4 12 0 12 0 13 13
128 7 7 5 13 0 13 0 14 15
128 7 7 5 12 0 13 0 14 14
128 7 7 5 13 0 13 0 14 15
128 7 7 4 12 0 13 0 13 14
128 7 7 4 12 0 12 0 13 13
128 7 7 4 12 0 12 0 13 13
128 7 7 4 12 0 13 0 14 14
128 7 7 4 12 0 13 0 14 14
128 7 7 4 12 0 12 0 13 14
128 7 7 4 11 0 12 0 13 13
128 6 6 4 11 0 12 0 13 13
128 7 7 4 11 0 12 0 13 13
128 7 7 4 12 0 12 0 13 13
128 7 7 4 12 0 12 0 13 13
128 7 7 5 12 0 13 0 14 14
128 7 7 5 12 0 13 0 13 14
128 7 7 4 12 0 13 0 13 14
128 7 7 5 12 0 12 0 13 14
128 7 7 4 12 0 12 0 13 13
128 6 6 4 11 0 12 0 12 13
128 7 7 5 12 0 12 0 13 14
128 7 7 4 11 0 12 0 13 13
128 6 6 4 11 0 12 0 12 13
256 10 10 5 16 0 16 1 18 18
256 10 10 5 15 0 16 1 17 18
256 10 10 5 15 0 16 1 17 18
256 10 10 5 16 0 16 1 18 18
256 10 10 5 16 0 16 1 18 18
256 10 10 5 16 0 16 1 18 18
256 11 11 6 17 0 17 1 19 20
256 10 10 4 15 0 15 1 17 17
256 10 10 5 16 0 17 1 18 19
256 11 11 6 17 0 18 1 19 20
256 11 11 5 16 0 17 1 18 19
256 10 10 5 15 0 16 1 17 17
256 10 10 5 15 0 16 1 17 18
256 10 10 5 15 0 16 1 17 18
256 10 10 5 15 0 16 1 17 17
256 9 9 5 15 0 16 1 17 18
256 10 10 5 16 0 16 1 18 18
256 9 9 5 15 0 15 1 17 17
256 10 10 5 15 0 16 1 18 18
256 10 10 5 15 0 16 1 17 18
256 10 10 5 16 0 16 1 18 18
256 10 10 5 15 0 16 1 17 18
256 10 10 5 16 0 16 1 18 18
256 11 11 5 16 0 17 1 19 19
256 10 10 5 16 0 16 1 18 18
256 10 10 5 16 0 16 1 18 18
256 11 11 5 16 0 17 1 19 19
256 10 10 5 15 0 16 1 17 18
256 11 11 5 16 0 16 1 18 18
256 10 10 4 15 0 16 1 17 17
256 10 10 5 16 0 16 1 18 18
256 10 10 5 16 0 16 1 18 18
512 16 16 6 22 0 23 2 25 26
512 16 16 6 22 0 23 2 26 26
512 16 16 6 22 0 23 2 26 26
512 16 16 5 21 0 22 2 25 25
512 16 16 6 22 0 23 2 26 26
512 16 16 6 22 0 23 2 26 26
512 15 15 5 21 0 22 2 25 26
512 15 15 6 21 0 22 2 25 25
512 15 15 6 22 0 23 2 25 26
512 15 15 6 22 0 23 2 26 26
512 15 15 6 21 0 22 2 25 25
512 16 16 6 22 0 23 2 26 26
512 15 15 5 21 0 21 2 24 25
512 16 16 6 22 0 23 2 25 26
512 15 15 6 22 0 23 2 25 26
512 16 16 6 22 0 23 2 26 27
512 16 16 6 22 0 23 2 26 26
512 15 15 5 21 0 22 2 25 25
512 15 15 5 21 0 22 2 25 25
512 15 15 6 22 0 23 2 26 26
512 16 16 6 22 0 23 2 26 26
512 15 15 5 21 0 22 2 25 25
512 15 15 5 21 0 21 2 24 25
512 15 15 5 21 0 22 2 24 25
512 15 15 7 23 0 23 2 26 27
512 15 15 6 21 0 22 2 25 26
512 15 15 5 21 0 21 2 24 25
512 15 15 5 21 0 21 2 24 25
512 16 16 6 22 0 23 2 25 26
512 15 15 5 21 0 22 2 25 25
512 15 15 6 22 0 23 2 26 27
512 16 16 6 22 0 23 2 26 26
1024 27 27 7 35 1 36 5 42 42
1024 26 26 6 33 1 34 5 40 40
1024 26 26 7 34 1 35 5 41 42
1024 25 25 6 32 1 34 5 39 40
1024 27 27 7 35 1 36 5 42 42
1024 26 26 7 34 1 35 5 41 41
1024 25 25 8 33 1 35 5 40 41
1024 26 26 7 33 1 35 5 40 41
1024 27 27 7 34 1 35 5 41 41
1024 26 26 7 33 1 35 5 40 41
1024 26 26 7 34 1 35 5 41 42
1024 26 26 7 34 1 35 5 41 42
1024 26 26 7 33 1 35 5 41 41
1024 27 27 7 34 1 35 5 41 42
1024 26 26 6 33 1 34 5 40 41
1024 26 26 6 32 1 34 5 39 40
1024 26 26 7 33 1 35 5 41 41
1024 26 26 8 34 1 35 5 41 41
1024 26 26 8 35 1 36 5 42 42
1024 26 26 7 33 1 34 5 40 41
1024 26 26 7 34 1 35 5 41 42
1024 25 25 7 32 1 34 5 39 40
1024 27 27 7 34 1 35 5 41 42
1024 26 26 7 33 1 34 5 40 41
1024 26 26 7 33 1 34 5 40 40
1024 26 26 8 35 1 36 5 42 42
1024 26 26 7 33 1 34 5 40 40
1024 26 26 7 34 1 35 5 41 41
1024 26 26 7 33 1 35 5 41 41
1024 27 27 7 35 1 36 5 42 42
1024 27 27 7 34 1 36 5 42 42
1024 27 27 8 35 1 36 5 42 42
2048 48 48 11 59 2 62 12 74 75
2048 48 48 12 60 2 63 12 75 75
2048 47 47 13 61 2 63 12 75 76
2048 47 47 12 60 2 62 12 75 75
2048 47 47 13 60 2 63 12 75 76
2048 47 47 12 60 2 62 12 74 75
2048 48 48 12 60 2 63 12 75 76
2048 47 47 12 60 2 62 12 74 75
2048 47 47 12 59 2 61 12 74 75
2048 48 48 12 60 2 62 12 75 75
2048 47 47 11 59 2 61 12 74 74
2048 46 46 12 59 2 61 12 73 74
2048 46 46 11 58 1 60 13 74 74
2048 48 48 12 60 2 62 12 75 75
2048 47 47 11 59 2 61 12 74 74
2048 48 48 12 60 2 62 12 75 75
2048 48 48 12 60 2 62 12 75 75
2048 48 48 11 60 2 62 12 75 75
2048 48 48 12 60 2 62 12 75 75
2048 48 48 12 60 2 62 12 75 75
2048 47 47 11 59 2 61 12 74 74
2048 47 47 13 61 2 63 12 75 76
2048 47 47 11 59 2 61 12 74 74
2048 47 47 11 59 2 61 12 74 74
2048 47 47 12 59 2 61 12 73 74
2048 47 47 12 59 2 62 12 74 75
2048 47 47 12 60 2 62 12 74 75
2048 47 47 13 60 2 62 12 75 75
2048 47 47 12 59 2 61 12 73 74
2048 48 48 12 60 2 63 12 75 76
2048 47 47 11 59 2 61 12 74 74
2048 47 47 12 60 2 63 12 75 75
4096 91 91 16 107 4 112 27 139 140
4096 92 92 15 107 4 112 27 139 140
4096 92 92 16 108 4 113 27 140 141
4096 91 91 15 107 4 111 27 139 139
4096 150 150 17 167 4 171 27 199 200
4096 91 91 16 108 4 112 27 140 140
4096 92 92 16 109 4 113 27 141 141
4096 92 92 17 110 4 114 27 141 142
4096 92 92 16 109 4 113 27 140 141
4096 92 92 16 108 4 112 27 140 140
4096 92 92 16 108 4 112 27 140 140
4096 92 92 30 123 4 127 27 154 155
4096 91 91 16 107 4 111 27 139 139
4096 92 92 16 108 4 112 27 140 140
4096 90 90 16 107 4 111 28 139 140
4096 91 91 17 108 4 112 27 140 141
4096 91 91 16 108 4 112 27 140 140
4096 91 91 16 108 4 112 27 139 140
4096 92 92 16 109 4 113 27 140 141
4096 92 92 16 108 4 113 27 140 141
4096 92 92 17 109 4 114 27 141 142
4096 92 92 15 108 4 112 27 139 140
4096 92 92 17 109 4 113 27 141 141
4096 92 92 16 108 4 112 27 139 140
4096 92 92 15 108 4 113 28 141 141
4096 92 92 16 108 4 113 27 140 141
4096 91 91 15 107 4 112 27 139 140
4096 92 92 16 108 4 113 27 140 141
4096 92 92 16 108 4 112 27 140 141
4096 91 91 16 108 4 112 27 140 140
4096 91 91 17 108 4 113 27 140 140
4096 91 91 16 108 4 112 27 140 140
8192 179 179 31 211 8 219 64 284 285
8192 179 179 30 210 8 218 65 284 284
8192 179 179 31 210 8 219 64 284 284
8192 178 178 31 210 8 218 64 283 284
8192 179 179 30 210 8 219 64 284 284
8192 178 178 30 209 8 218 64 282 283
8192 178 178 31 209 8 217 64 282 283
8192 180 180 31 212 8 221 64 286 286
8192 179 179 30 210 8 219 64 283 284
8192 178 178 30 208 8 217 64 282 282
8192 178 178 31 209 8 218 64 283 284
8192 179 179 30 210 8 219 65 284 285
8192 191 191 30 221 9 231 64 295 296
8192 179 179 31 210 8 218 64 283 283
8192 178 178 31 209 8 218 64 283 283
8192 179 179 30 209 8 218 64 283 283
8192 178 178 31 209 8 218 64 283 283
8192 178 178 30 208 8 217 64 282 282
8192 179 179 31 211 8 219 65 284 285
8192 179 179 31 211 8 219 64 284 284
8192 178 178 32 211 8 220 64 285 285
8192 178 178 34 213 8 221 64 286 287
8192 179 179 31 211 8 220 64 285 285
8192 178 178 31 210 67 277 67 345 345
8192 179 179 31 210 8 218 65 284 284
8192 179 179 31 210 8 219 65 284 285
8192 177 177 30 207 8 216 64 280 281
8192 179 179 32 211 8 220 64 285 286
8192 178 178 30 209 8 218 64 282 283
8192 179 179 31 210 8 219 64 284 284
8192 178 178 30 209 8 217 64 282 283
8192 178 178 30 208 8 217 64 282 282
16384 359 359 55 414 19 434 162 596 607
16384 360 360 56 416 20 436 163 599 611
16384 359 359 55 415 20 435 162 598 608
16384 356 356 55 412 21 433 163 596 605
16384 356 356 55 411 20 431 153 585 593
16384 359 359 54 414 19 433 162 596 605
16384 357 357 54 412 19 432 163 595 604
16384 357 357 53 411 20 432 162 594 603
16384 355 355 55 411 21 433 162 595 607
16384 357 357 54 411 21 433 220 654 663
16384 358 358 55 413 20 434 162 597 606
16384 357 357 54 412 20 432 161 594 604
16384 358 358 55 413 20 433 162 596 606
16384 370 370 54 425 21 446 163 610 630
16384 359 359 54 413 19 433 162 596 605
16384 358 358 54 413 21 434 162 596 607
16384 358 358 55 413 20 433 162 595 605
16384 419 419 55 474 21 496 162 658 668
16384 360 360 56 417 20 437 162 600 610
16384 358 358 54 412 25 438 164 602 612
16384 358 358 54 412 20 432 162 594 604
16384 368 368 57 425 20 446 163 609 619
16384 361 361 55 416 20 437 164 602 612
16384 356 356 54 411 20 431 162 593 603
16384 356 356 55 412 20 433 162 596 605
16384 431 431 58 489 21 510 161 672 682
16384 356 356 54 410 21 431 162 594 603
16384 358 358 55 413 22 436 165 602 612
16384 355 355 54 409 19 429 161 590 600
16384 360 360 56 416 21 438 162 600 611
16384 358 358 54 412 21 433 162 595 606
16384 357 357 56 413 20 433 162 596 606
32768 708 708 122 830 56 887 359 1246 1265
32768 709 709 114 824 51 875 358 1233 1251
32768 704 704 112 816 47 864 355 1220 1241
32768 706 706 113 820 49 869 356 1225 1245
32768 704 704 113 817 49 866 360 1226 1246
32768 715 715 114 830 53 883 359 1243 1259
32768 705 705 113 819 51 870 358 1229 1245
32768 708 708 111 819 49 869 377 1246 1275
32768 705 705 112 817 48 866 357 1224 1240
32768 704 704 111 816 49 866 360 1227 1244
32768 716 716 114 830 49 879 356 1236 1253
32768 700 700 112 812 54 866 362 1228 1246
32768 700 700 121 821 52 874 356 1230 1250
32768 706 706 112 819 47 867 357 1225 1241
32768 706 706 112 819 49 869 359 1228 1246
32768 708 708 112 821 48 870 359 1229 1246
32768 702 702 113 815 48 864 359 1223 1241
32768 713 713 111 825 53 878 362 1240 1258
32768 705 705 113 819 51 870 358 1228 1247
32768 705 705 114 820 51 872 378 1250 1270
32768 705 705 110 816 50 867 361 1228 1246
32768 704 704 111 816 50 866 372 1238 1255
32768 760 760 116 876 56 933 368 1301 1319
32768 703 703 112 815 51 867 360 1227 1244
32768 723 723 114 838 53 891 359 1251 1272
32768 705 705 110 816 48 865 359 1224 1241
32768 708 708 111 819 52 872 375 1247 1264
32768 703 703 110 814 48 862 355 1218 1237
32768 704 704 113 817 60 877 389 1266 1283
32768 717 717 114 831 50 881 359 1241 1259
32768 707 707 112 819 48 867 359 1227 1245
32768 700 700 109 810 47 858 389 1247 1266
65536 1402 1402 213 1615 163 1779 909 2689 2712
65536 1445 1445 214 1659 150 1809 872 2681 2705
65536 1418 1418 216 1635 174 1809 908 2718 2742
65536 1414 1414 218 1632 151 1783 932 2716 2740
65536 1415 1415 213 1628 157 1786 898 2684 2720
65536 1403 1403 214 1617 156 1774 889 2663 2687
65536 1425 1425 215 1640 155 1796 881 2678 2701
65536 1415 1415 215 1631 160 1791 893 2684 2709
65536 1406 1406 216 1623 160 1783 918 2701 2726
65536 1403 1403 214 1617 158 1775 892 2667 2692
65536 1408 1408 212 1620 147 1768 911 2679 2702
65536 1425 1425 216 1641 160 1802 889 2692 2716
65536 1407 1407 230 1638 171 1810 877 2688 2715
65536 1401 1401 214 1616 159 1775 914 2690 2715
65536 1405 1405 216 1622 151 1773 887 2660 2683
65536 1419 1419 217 1636 164 1800 881 2681 2707
65536 1414 1414 213 1627 174 1802 887 2689 2718
65536 1393 1393 212 1605 163 1768 896 2665 2691
65536 1405 1405 212 1618 166 1784 901 2685 2708
65536 1415 1415 212 1627 159 1786 902 2689 2712
65536 1417 1417 215 1633 166 1800 925 2725 2751
65536 1417 1417 216 1633 158 1791 891 2683 2707
65536 1410 1410 212 1622 158 1780 923 2704 2728
65536 1406 1406 215 1622 157 1779 894 2674 2699
65536 1407 1407 216 1623 162 1786 882 2668 2693
65536 1419 1419 212 1632 166 1798 883 2682 2707
65536 1406 1406 212 1618 168 1787 900 2688 2714
65536 1412 1412 212 1625 175 1801 949 2750 2776
65536 1404 1404 214 1618 162 1781 915 2697 2720
65536 1419 1419 211 1631 167 1798 937 2736 2758
65536 1412 1412 212 1624 154 1779 878 2658 2681
65536 1408 1408 214 1622 145 1768 925 2693 2719
131072 2811 2811 442 3254 492 3746 2161 5908 5948
131072 2810 2810 434 3244 459 3704 2109 5813 5846
131072 2820 2820 427 3248 476 3724 2101 5826 5852
131072 2787 2787 421 3208 449 3657 2150 5808 5838
131072 2815 2815 425 3240 477 3717 2138 5855 5888
131072 2804 2804 429 3234 470 3705 2138 5843 5874
131072 2808 2808 431 3240 470 3710 2080 5790 5821
131072 2824 2824 426 3250 467 3717 2119 5836 5866
131072 2833 2833 438 3272 479 3751 2138 5889 5922
131072 2837 2837 430 3268 466 3734 2137 5872 5901
131072 2814 2814 415 3230 407 3637 2087 5725 5757
131072 2822 2822 429 3252 462 3715 2178 5894 5926
131072 2800 2800 439 3240 479 3719 2091 5810 5839
131072 2822 2822 423 3246 450 3696 2123 5820 5850
131072 2825 2825 429 3254 474 3729 2106 5835 5866
131072 2808 2808 424 3232 438 3671 2154 5826 5857
131072 2815 2815 423 3239 442 3681 2153 5834 5862
131072 2803 2803 422 3226 457 3684 2130 5814 5846
131072 2817 2817 425 3242 464 3706 2148 5855 5886
131072 2810 2810 435 3245 443 3688 2091 5780 5809
131072 2821 2821 419 3241 444 3685 2128 5813 5842
131072 2826 2826 421 3248 418 3666 2135 5802 5834
131072 2812 2812 420 3232 420 3653 2123 5776 5806
131072 2835 2835 429 3265 470 3736 2078 5814 5844
131072 2803 2803 421 3224 450 3675 2139 5814 5845
131072 2814 2814 421 3235 423 3659 2122 5781 5811
131072 2795 2795 417 3212 438 3651 2129 5781 5812
131072 2825 2825 435 3261 409 3671 2186 5858 5888
131072 2808 2808 436 3245 480 3725 2083 5809 5836
131072 2834 2834 427 3261 415 3677 2145 5822 5854
131072 2827 2827 426 3253 439 3692 2144 5837 5865
131072 2812 2812 419 3232 429 3662 2128 5790 5820
262144 5604 5604 896 6501 1037 7538 4530 12069 12113
262144 5615 5615 883 6499 1086 7585 4552 12138 12183
262144 5635 5635 882 6517 1073 7591 4638 12230 12271
262144 5593 5593 852 6445 976 7422 4567 11989 12035
262144 5620 5620 867 6488 1083 7571 4586 12158 12200
262144 5657 5657 881 6538 1067 7606 4616 12223 12267
262144 5606 5606 890 6497 1108 7605 4626 12232 12276
262144 5624 5624 860 6485 998 7483 4590 12073 12115
262144 5614 5614 854 6469 1001 7471 4568 12039 12080
262144 5623 5623 851 6474 1013 7488 4615 12103 12145
262144 5644 5644 879 6523 1057 7581 4548 12129 12173
262144 5606 5606 856 6463 1012 7475 4588 12064 12105
262144 5608 5608 891 6499 1090 7589 4534 12123 12167
262144 5625 5625 868 6494 1019 7513 4524 12038 12081
262144 5613 5613 849 6463 953 7416 4569 11986 12030
262144 5656 5656 862 6518 974 7493 4602 12096 12140
262144 5626 5626 859 6485 991 7476 4548 12025 12066
262144 5618 5618 855 6473 991 7464 4515 11979 12024
262144 5639 5639 847 6486 934 7420 4750 12170 12213
262144 5613 5613 858 6471 1013 7485 4601 12087 12129
262144 5618 5618 869 6488 1001 7489 4555 12044 12086
262144 5602 5602 856 6458 936 7395 4699 12095 12136
262144 5592 5592 852 6444 934 7379 4607 11987 12031
262144 5629 5629 854 6483 943 7426 4633 12060 12103
262144 5634 5634 857 6492 967 7459 4555 12015 12055
262144 5614 5614 852 6466 945 7412 4588 12000 12042
262144 5585 5585 843 6429 910 7339 4677 12017 12058
262144 5638 5638 857 6496 959 7455 4692 12147 12190
262144 5626 5626 855 6482 918 7401 4686 12087 12129
262144 5612 5612 844 6456 989 7445 4644 12090 12131
262144 5621 5621 838 6459 894 7354 4741 12095 12135
262144 5626 5626 848 6474 898 7373 4723 12096 12141
524288 11194 11194 1799 12993 2274 15268 10002 25270 25335
524288 11210 11210 1795 13006 2317 15324 10052 25376 25440
524288 11259 11259 1853 13113 2296 15409 10091 25501 25562
524288 11194 11194 1799 12993 2295 15288 10053 25342 25404
524288 11182 11182 1737 12919 2128 15047 9876 24924 24982
524288 11180 11180 1695 12875 2182 15058 9752 24810 24873
524288 11218 11218 1731 12949 2168 15118 9800 24918 24978
524288 11171 11171 1710 12881 2036 14918 9904 24822 24879
524288 11263 11263 1794 13058 2203 15261 9884 25145 25208
524288 11185 11185 1691 12876 2015 14892 10080 24972 25030
524288 11169 11169 1689 12859 1916 14775 10195 24971 25028
524288 11161 11161 1696 12857 2002 14860 10127 24987 25045
524288 11235 11235 1679 12915 1928 14843 10083 24926 24981
524288 11112 11112 1663 12775 1797 14573 10823 25397 25454
524288 11196 11196 1651 12847 1793 14640 10327 24968 25023
524288 11156 11156 1669 12826 1754 14580 10189 24770 24822
524288 11109 11109 1649 12759 1708 14467 9909 24376 24429
524288 11149 11149 1646 12795 1660 14456 9988 24444 24497
524288 11116 11116 1639 12756 1658 14414 9875 24289 24343
524288 11165 11165 1658 12824 1681 14506 10102 24608 24668
524288 11217 11217 1677 12894 1773 14668 10403 25071 25131
524288 11159 11159 1638 12797 1648 14446 9735 24181 24234
524288 11189 11189 1636 12825 1581 14407 9824 24231 24285
524288 11130 11130 1636 12767 1572 14339 9744 24083 24134
524288 11128 11128 1644 12773 1573 14346 9634 23981 24035
524288 11125 11125 1648 12773 1579 14353 9890 24243 24301
524288 11139 11139 1630 12769 1539 14309 9797 24106 24156
524288 11138 11138 1632 12771 1565 14336 9601 23937 23989
524288 11111 11111 1628 12740 1556 14296 9685 23982 24036
524288 11187 11187 1643 12831 1571 14402 9758 24160 24214
524288 11316 11316 1745 13062 1710 14772 10363 25136 25194
524288 11147 11147 1640 12787 1688 14476 9827 24304 24355
1048576 22319 22319 3357 25677 3747 29425 22925 52351 52435
1048576 22315 22315 3383 25698 3496 29195 22379 51575 51663
1048576 22284 22284 3284 25569 3173 28743 21510 50254 50333
1048576 22396 22396 3369 25766 3147 28913 21037 49951 50032
1048576 22291 22291 3267 25559 2894 28454 20681 49136 49214
1048576 22237 22237 3247 25484 2820 28305 20968 49273 49350
1048576 22231 22231 3248 25480 2849 28329 20667 48996 49075
1048576 22210 22210 3250 25460 2826 28287 20796 49084 49159
1048576 22220 22220 3245 25465 2853 28319 20373 48692 48767
1048576 22245 22245 3236 25482 2789 28271 20561 48832 48910
1048576 22221 22221 3253 25475 2856 28332 20386 48718 48795
1048576 22231 22231 3231 25463 2809 28272 20486 48759 48836
1048576 22272 22272 3318 25590 3024 28614 20962 49577 49680
1048576 22245 22245 3258 25503 2877 28381 20455 48837 48914
1048576 22246 22246 3269 25515 2895 28411 20691 49103 49183
1048576 22199 22199 3248 25447 2852 28300 20645 48945 49027
1048576 22290 22290 3266 25557 2955 28513 20439 48952 49033
1048576 22274 22274 3240 25514 2815 28330 20534 48864 48950
1048576 22253 22253 3250 25503 2890 28394 20200 48595 48673
1048576 22200 22200 3257 25458 2928 28386 20734 49121 49206
1048576 22257 22257 3245 25502 2829 28332 20501 48833 48919
1048576 22250 22250 3254 25504 2905 28410 20556 48966 49045
1048576 22273 22273 3249 25523 2832 28355 20319 48674 48753
1048576 22207 22207 3244 25452 2773 28225 20586 48811 48889
1048576 22238 22238 3250 25488 2815 28304 20333 48638 48715
1048576 22221 22221 3232 25453 2775 28229 20490 48719 48797
1048576 22244 22244 3238 25483 2826 28309 20347 48656 48734
1048576 22252 22252 3235 25487 2802 28290 20429 48720 48796
1048576 22219 22219 3251 25471 2839 28311 20377 48688 48765
1048576 22222 22222 3242 25464 2783 28248 20354 48602 48687
1048576 22229 22229 3249 25478 2820 28299 20130 48429 48506
1048576 22250 22250 3288 25539 2967 28507 20728 49235 49316
2097152 44550 44550 6738 51288 6781 58070 44907 102977 103119
2097152 44737 44737 6734 51472 6746 58218 46181 104400 104542
2097152 44659 44659 6634 51293 6608 57901 45949 103850 103992
2097152 44659 44659 6584 51244 6627 57872 46325 104197 104336
2097152 44559 44559 6615 51175 6691 57866 46587 104454 104595
2097152 44610 44610 6603 51214 6918 58133 46400 104533 104678
2097152 44594 44594 6591 51185 6751 57937 46457 104394 104533
2097152 44634 44634 6582 51217 6596 57813 46491 104305 104447
2097152 44586 44586 6605 51192 6707 57899 46368 104267 104417
2097152 44621 44621 6592 51213 6667 57880 45489 103370 103520
2097152 44581 44581 6619 51201 6654 57855 45600 103456 103604
2097152 44563 44563 6615 51179 6596 57775 45527 103302 103447
2097152 44601 44601 6581 51182 6741 57923 45693 103617 103757
2097152 44647 44647 6568 51215 6605 57820 45621 103442 103582
2097152 44578 44578 6602 51180 6842 58023 46979 105002 105143
2097152 44641 44641 6590 51232 6503 57736 45584 103321 103461
2097152 44568 44568 6616 51184 6581 57766 45095 102861 103001
2097152 44597 44597 6613 51211 6582 57793 45956 103749 103890
2097152 44571 44571 6581 51153 6641 57794 46127 103921 104061
2097152 44635 44635 6564 51199 6541 57741 45831 103573 103714
2097152 44602 44602 6605 51208 6587 57796 45924 103720 103860
2097152 44622 44622 6584 51206 6576 57782 45987 103770 103906
2097152 44573 44573 6614 51188 6591 57779 44850 102630 102771
2097152 44648 44648 6610 51258 6621 57879 45438 103318 103459
2097152 44607 44607 6585 51193 6677 57870 46142 104013 104154
2097152 44615 44615 6579 51195 6578 57773 45858 103632 103773
2097152 44589 44589 6618 51208 6592 57800 45349 103150 103291
2097152 44613 44613 6590 51204 6561 57766 45928 103694 103836
2097152 44580 44580 6618 51199 6636 57835 45105 102941 103077
2097152 44565 44565 6614 51180 6591 57771 45797 103569 103712
2097152 44587 44587 6590 51177 6741 57919 44825 102744 102886
2097152 44586 44586 6573 51159 6588 57748 45689 103437 103579
4194304 89314 89314 13606 102921 16491 119413 105162 224575 224892
4194304 89840 89840 14295 104136 16439 120575 103871 224447 224769
4194304 89820 89820 13723 103543 16285 119829 104325 224154 224597
4194304 89903 89903 13800 103703 16582 120286 103031 223317 223625
4194304 89863 89863 13717 103580 16398 119979 105610 225590 225918
4194304 89876 89876 13703 103580 16076 119657 103276 222934 223245
4194304 89821 89821 13772 103593 16316 119909 104254 224164 224489
4194304 89862 89862 13663 103525 16390 119916 103167 223083 223389
4194304 89939 89939 13530 103469 16155 119624 105624 225249 225567
4194304 89960 89960 13677 103637 16533 120171 103105 223277 223599
4194304 89856 89856 13743 103600 16314 119914 104183 224098 224438
4194304 89894 89894 13706 103601 16677 120279 103456 223735 224057
4194304 89873 89873 13699 103573 16463 120036 104925 224962 225319
4194304 89927 89927 13796 103724 16492 120216 103724 223941 224261
4194304 89818 89818 13565 103384 16735 120120 103957 224077 224420
4194304 89925 89925 13786 103711 16279 119991 103151 223142 223453
4194304 89831 89831 13791 103623 16463 120086 105413 225499 225931
4194304 89906 89906 13731 103638 16311 119949 103741 223691 224011
4194304 89877 89877 13776 103653 16590 120243 104525 224769 225078
4194304 89878 89878 13737 103615 16376 119992 104495 224487 224799
4194304 89907 89907 13653 103561 16546 120108 105396 225504 225823
4194304 89819 89819 13700 103520 16206 119726 102679 222406 222747
4194304 89703 89703 13584 103287 16845 120133 104470 224603 224926
4194304 89790 89790 13855 103645 16490 120136 104779 224915 225228
4194304 89903 89903 13858 103761 16644 120406 105557 225963 226287
4194304 89918 89918 13719 103637 16243 119881 103930 223812 224126
4194304 89818 89818 13777 103596 16436 120032 104124 224156 224466
4194304 89876 89876 13716 103593 16558 120151 103756 223908 224219
4194304 89837 89837 13608 103445 16515 119961 105333 225294 225625
4194304 89738 89738 13372 103111 17183 120295 104107 224402 224732
4194304 89847 89847 13971 103818 16473 120292 103846 224139 224453
4194304 89935 89935 13791 103726 16338 120064 103506 223570 223887
8388608 179747 179747 29883 209630 43913 253543 254682 508226 509022
8388608 179692 179692 28539 208231 43627 251859 250946 502805 503584
8388608 180155 180155 29168 209323 43971 253295 258276 511571 512411
8388608 180162 180162 28944 209107 43120 252227 254027 506254 507106
8388608 180040 180040 28619 208659 43797 252457 254586 507043 507875
8388608 179887 179887 27953 207841 43963 251804 256496 508300 509104
8388608 180189 180189 27962 208151 44196 252348 255815 508164 508973
8388608 180218 180218 28154 208373 44450 252823 252682 505506 506306
8388608 180131 180131 28323 208455 44547 253002 257354 510357 511175
8388608 180233 180233 28255 208488 45036 253525 254593 508118 508935
8388608 179960 179960 28322 208283 44509 252792 256049 508841 509659
8388608 180015 180015 28525 208540 44264 252805 255471 508276 509081
8388608 179914 179914 28435 208350 44476 252827 254837 507665 508484
8388608 180000 180000 28517 208517 44665 253183 256350 509534 510357
8388608 180053 180053 28497 208550 45167 253718 255639 509357 510162
8388608 180231 180231 28479 208711 44426 253138 255323 508462 509275
8388608 180020 180020 28464 208485 44814 253300 257419 510719 511539
8388608 180149 180149 28556 208705 45031 253737 255012 508750 509562
8388608 179736 179736 28369 208106 45063 253170 257233 510403 511226
8388608 180087 180087 28632 208720 44491 253212 257105 510317 511149
8388608 179943 179943 28591 208534 45061 253595 256664 510260 511081
8388608 180216 180216 28714 208930 44612 253542 252754 506296 507116
8388608 179886 179886 28674 208560 44805 253366 260033 513400 514232
8388608 180183 180183 28650 208834 44632 253466 254231 507697 508505
8388608 179869 179869 28656 208525 44857 253382 258153 511535 512363
8388608 179963 179963 28887 208851 44846 253697 255111 508809 509621
8388608 180027 180027 28753 208781 45121 253902 258121 512024 512810
8388608 180223 180223 28694 208918 45263 254181 252326 506507 507316
8388608 179841 179841 28660 208501 45549 254050 258005 512056 512886
8388608 180080 180080 28727 208807 44790 253597 252273 505871 506698
8388608 179952 179952 28632 208585 45089 253675 257596 511272 512106
8388608 180225 180225 28731 208956 45692 254649 255420 510070 510917
16777216 359704 359704 63039 422744 105966 528710 607177 1135888 1137375
16777216 360434 360434 63068 423502 105970 529473 616729 1146202 1147774
16777216 360164 360164 63281 423445 109490 532935 615779 1148715 1150251
16777216 360114 360114 63751 423866 107035 530902 602165 1133067 1134636
16777216 359734 359734 63388 423122 108840 531963 619714 1151677 1153225
16777216 360609 360609 63353 423962 106372 530335 614460 1144796 1146336
16777216 359970 359970 63692 423662 107145 530808 611065 1141874 1143379
16777216 360032 360032 63350 423383 107210 530593 617946 1148540 1150083
16777216 360210 360210 63351 423561 108601 532162 618221 1150383 1151895
16777216 360285 360285 63687 423973 107661 531634 607692 1139326 1140873
16777216 360058 360058 63477 423535 108154 531689 621847 1153537 1155063
16777216 360335 360335 63330 423666 107031 530697 609262 1139960 1141523
16777216 360125 360125 63606 423731 107295 531026 611711 1142738 1144264
16777216 360401 360401 63410 423812 108093 531905 618306 1150212 1151779
16777216 359896 359896 63252 423148 107355 530504 620013 1150517 1152038
16777216 360250 360250 63738 423988 107250 531239 607504 1138743 1140302
16777216 360024 360024 63327 423352 107675 531028 619043 1150071 1151607
16777216 360250 360250 63388 423639 107335 530975 613442 1144417 1145933
16777216 359645 359645 63708 423354 110035 533389 608508 1141897 1143411
16777216 359929 359929 63246 423175 104652 527828 612494 1140322 1141881
16777216 359797 359797 63597 423394 107441 530836 608712 1139548 1141094
16777216 360166 360166 63390 423556 107559 531116 619404 1150520 1152050
16777216 360169 360169 63425 423595 106767 530363 610920 1141284 1142816
16777216 359607 359607 63683 423291 109151 532442 611019 1143461 1145018
16777216 360155 360155 63363 423518 108474 531993 612142 1144135 1145661
16777216 359961 359961 63556 423517 107828 531345 624632 1155978 1157494
16777216 360196 360196 63689 423886 108039 531925 609078 1141004 1142564
16777216 360190 360190 63387 423578 107749 531327 622478 1153806 1155344
16777216 360198 360198 63350 423548 107540 531089 612498 1143587 1145134
16777216 359959 359959 63749 423708 108344 532053 608907 1140960 1142504
16777216 360065 360065 63300 423366 109642 533009 615557 1148567 1150114
16777216 360045 360045 63341 423386 107858 531244 620893 1152138 1153652
33554432 719947 719947 128392 848339 226941 1075281 1364531 2439812 2442751
33554432 719645 719645 128745 848390 224395 1072786 1376051 2448838 2451788
33554432 720045 720045 128384 848430 220386 1068816 1356875 2425691 2428587
33554432 720000 720000 128620 848621 227368 1075989 1367705 2443694 2446603
33554432 720007 720007 128757 848764 227616 1076380 1363319 2439699 2442613
33554432 720127 720127 128498 848626 228263 1076889 1372560 2449450 2452307
33554432 720989 720989 128644 849633 227222 1076856 1345648 2422504 2425446
33554432 720464 720464 128681 849146 221583 1070729 1374768 2445497 2448403
33554432 719159 719159 128435 847595 226532 1074128 1352212 2426340 2429276
33554432 720196 720196 128886 849083 222961 1072044 1368873 2440918 2443828
33554432 720514 720514 128533 849047 224025 1073073 1360117 2433190 2436100
33554432 720067 720067 128601 848668 222266 1070935 1366211 2437147 2440061
33554432 720570 720570 128642 849213 225911 1075124 1363276 2438401 2441342
33554432 719872 719872 128672 848544 225910 1074454 1391112 2465566 2468472
33554432 719800 719800 128656 848457 225929 1074386 1372998 2447384 2450277
33554432 719970 719970 128539 848509 224874 1073383 1371177 2444561 2447439
33554432 719732 719732 127152 846884 223331 1070216 1353961 2424178 2427094
33554432 720365 720365 128607 848973 230127 1079100 1373534 2452634 2455544
33554432 720679 720679 128666 849346 222121 1071467 1366712 2438180 2441113
33554432 720393 720393 128631 849024 222399 1071423 1370656 2442079 2444956
33554432 720618 720618 128116 848734 225683 1074418 1359861 2434280 2437243
33554432 719818 719818 128589 848408 226537 1074946 1377802 2452749 2455671
33554432 720584 720584 128704 849289 226608 1075898 1362007 2437905 2440800
33554432 719572 719572 128727 848300 225052 1073352 1365147 2438500 2441406
33554432 720494 720494 128460 848955 228205 1077160 1352562 2429723 2432681
33554432 719631 719631 128637 848268 222727 1070996 1359113 2430109 2433040
33554432 721008 721008 128543 849551 227051 1076602 1375964 2452566 2455486
33554432 719839 719839 128722 848562 228514 1077076 1369791 2446868 2449797
33554432 720925 720925 128570 849495 220450 1069946 1354169 2424116 2427032
33554432 719749 719749 128638 848388 227212 1075600 1388720 2464321 2467246
33554432 720146 720146 128532 848679 226005 1074685 1351094 2425780 2428744
33554432 719557 719557 128662 848219 228743 1076962 1367110 2444072 2446963
