8 32
8 32
8 32
8 32
16 64
16 63
16 64
16 64
32 160
32 160
32 160
32 160
64 352
64 352
64 352
64 352
128 800
128 800
128 800
128 800
256 1791
256 1791
256 1791
256 1792
512 3903
512 3903
512 3903
512 3903
1024 8448
1024 8479
1024 8479
1024 8479
2048 18271
2048 18271
2048 18240
2048 18271
4096 40767
4096 40671
4096 40798
4096 40830
8192 92989
8192 93149
8192 94877
8192 93116
16384 198713
16384 198873
16384 198777
16384 198937
32768 520398
32768 538669
32768 532622
32768 529133
65536 1.30536e+06
65536 1.30255e+06
65536 1.31375e+06
65536 1.30277e+06
131072 2.98796e+06
131072 3.01903e+06
131072 3.01641e+06
131072 3.03724e+06
262144 6.8022e+06
262144 6.75404e+06
262144 6.85327e+06
262144 6.77215e+06
524288 1.48905e+07
524288 1.49185e+07
524288 1.48829e+07
524288 1.47684e+07
1048576 3.32e+07
1048576 3.25349e+07
1048576 3.24771e+07
1048576 3.26914e+07
2097152 8.55793e+07
2097152 8.15997e+07
2097152 8.16231e+07
2097152 7.58888e+07
