8 32
8 32
8 32
8 32
16 64
16 64
16 64
16 64
32 160
32 160
32 160
32 160
64 384
64 384
64 384
64 384
128 864
128 864
128 863
128 864
256 1951
256 1951
256 1952
256 1951
512 4319
512 4351
512 4352
512 4320
1024 9567
1024 9535
1024 9536
1024 9535
2048 20800
2048 20863
2048 20831
2048 20799
4096 45791
4096 45791
4096 45822
4096 45758
8192 100252
8192 100188
8192 100349
8192 99773
16384 230712
16384 229849
16384 230520
16384 230136
32768 499086
32768 498159
32768 503886
32768 505006
65536 1.14246e+06
65536 1.1542e+06
65536 1.1405e+06
65536 1.13164e+06
131072 2.52465e+06
131072 2.51956e+06
131072 2.51822e+06
131072 2.51051e+06
262144 5.4674e+06
262144 5.40775e+06
262144 5.42292e+06
262144 5.43664e+06
524288 1.21033e+07
524288 1.18341e+07
524288 1.1719e+07
524288 1.18746e+07
1048576 2.70484e+07
1048576 2.64036e+07
1048576 2.63956e+07
1048576 2.63594e+07
2097152 5.87717e+07
2097152 5.8207e+07
2097152 5.87801e+07
2097152 5.91778e+07
