8 64
8 96
8 64
8 96
8 64
8 64
8 80
8 80
16 144
16 160
16 192
16 144
16 128
16 176
16 128
16 128
32 288
32 336
32 384
32 368
32 352
32 272
32 368
32 288
64 576
64 576
64 576
64 576
64 576
64 688
64 576
64 576
128 1248
128 1248
128 1248
128 1248
128 1248
128 1248
128 1248
128 1248
256 2752
256 2752
256 2751.5
256 2736
256 2736
256 2752
256 2735.5
256 2720
512 5984
512 6016
512 6016
512 6015.5
512 6016
512 6016
512 6015.5
512 6016
1024 13151
1024 13120
1024 13135.5
1024 13135.5
1024 13135.5
1024 13151.5
1024 13135.5
1024 13120
2048 28511
2048 28527
2048 28495
2048 28511
2048 28511
2048 28479
2048 28511
2048 28511
4096 61966
4096 61949.5
4096 61998
4096 61949.5
4096 61902
4096 61998
4096 62014
4096 61933.5
8192 134459
8192 134347
8192 134364
8192 134300
8192 134412
8192 134459
8192 134379
8192 134411
16384 301702
16384 301526
16384 301381
16384 301510
16384 301509
16384 301718
16384 301590
16384 301398
32768 662840
32768 650681
32768 662297
32768 648362
32768 648569
32768 648569
32768 650057
32768 649930
65536 1.45248e+06
65536 1.4531e+06
65536 1.46136e+06
65536 1.45846e+06
65536 1.46894e+06
65536 1.45721e+06
65536 1.45657e+06
65536 1.45662e+06
131072 3.16389e+06
131072 3.15835e+06
131072 3.16218e+06
131072 3.14494e+06
131072 3.16843e+06
131072 3.14752e+06
131072 3.16187e+06
131072 3.16878e+06
262144 6.83641e+06
262144 6.75504e+06
262144 6.74259e+06
262144 6.81093e+06
262144 6.73751e+06
262144 6.78563e+06
262144 6.78107e+06
262144 6.73787e+06
524288 1.46167e+07
524288 1.46114e+07
524288 1.45359e+07
524288 1.45206e+07
524288 1.462e+07
524288 1.45972e+07
524288 1.45591e+07
524288 1.46623e+07
1048576 3.23724e+07
1048576 3.18168e+07
1048576 3.13377e+07
1048576 3.15493e+07
1048576 3.15587e+07
1048576 3.15915e+07
1048576 3.16089e+07
1048576 3.14936e+07
2097152 7.14782e+07
2097152 7.05249e+07
2097152 6.97485e+07
2097152 6.96748e+07
2097152 6.97389e+07
2097152 6.95687e+07
2097152 6.94567e+07
2097152 6.9788e+07
