8 5 5 7 12 1 14 0 14 15
8 4 4 5 9 1 10 0 11 11
8 3 3 4 8 1 10 0 10 10
8 3 3 4 8 1 10 0 11 11
8 3 3 4 8 2 11 0 11 11
8 3 3 5 8 1 10 0 10 11
8 3 3 4 8 2 10 0 10 11
8 3 3 5 9 1 10 0 11 11
8 3 3 4 8 2 11 0 11 11
8 3 3 4 8 1 10 0 10 10
8 3 3 5 8 1 10 0 11 11
8 3 3 4 8 2 10 0 10 11
8 3 3 4 8 1 10 0 10 10
8 3 3 4 8 2 10 0 10 11
8 3 3 4 8 2 10 0 10 11
8 3 3 4 7 1 9 0 9 9
8 3 3 5 8 2 11 0 11 12
8 3 3 4 8 2 11 0 11 11
8 3 3 4 8 2 10 0 10 11
8 3 3 3 7 1 9 0 9 9
8 3 3 5 8 1 10 0 10 10
8 3 3 4 7 1 9 0 9 10
8 3 3 4 8 1 9 0 9 10
8 3 3 4 8 1 9 0 9 10
8 3 3 4 8 1 9 0 10 10
8 3 3 4 8 1 9 0 10 10
8 3 3 4 7 1 9 0 9 9
8 3 3 4 7 1 9 0 9 9
8 3 3 4 8 1 9 0 10 10
8 3 3 4 8 1 9 0 9 10
8 3 3 5 9 2 11 0 12 12
8 3 3 5 9 1 10 0 11 11
16 4 4 5 9 1 11 0 11 12
16 4 4 5 9 1 11 0 11 12
16 3 3 4 8 1 10 0 10 11
16 4 4 4 8 1 10 0 10 11
16 3 3 4 8 1 10 0 10 10
16 4 4 4 8 1 9 0 10 10
16 4 4 4 9 1 10 0 10 11
16 3 3 4 8 1 9 0 10 10
16 4 4 5 9 2 12 0 12 13
16 3 3 4 8 1 9 0 9 10
16 3 3 4 8 1 10 0 10 11
16 4 4 4 8 1 10 0 10 11
16 3 3 5 9 2 11 0 11 12
16 4 4 5 9 1 11 0 11 12
16 3 3 5 9 3 12 0 12 12
16 4 4 5 9 1 11 22 33 33
16 3 3 4 8 1 9 0 10 10
16 3 3 4 8 1 9 0 9 9
16 3 3 4 8 1 9 0 10 10
16 3 3 4 8 1 9 0 10 10
16 4 4 4 8 2 10 0 10 11
16 4 4 5 9 2 11 0 11 12
16 3 3 4 8 1 10 0 10 11
16 4 4 4 9 1 10 0 10 11
16 3 3 4 8 2 10 0 11 11
16 4 4 5 9 2 11 0 11 11
16 4 4 4 8 1 10 0 10 10
16 3 3 4 7 1 9 0 9 9
16 3 3 4 8 1 9 0 10 10
16 3 3 4 7 1 9 0 9 9
16 3 3 4 8 1 9 0 9 10
16 3 3 4 8 1 9 0 10 10
32 4 4 4 9 1 10 0 11 11
32 4 4 5 10 1 11 0 12 12
32 4 4 4 9 2 12 0 12 13
32 4 4 5 10 2 12 0 12 13
32 3 3 4 8 1 10 0 10 10
32 4 4 4 8 1 10 0 10 11
32 4 4 4 8 1 9 0 9 10
32 4 4 5 9 2 11 0 12 12
32 3 3 4 8 1 9 0 10 10
32 3 3 3 7 2 9 0 10 10
32 4 4 5 10 2 12 0 12 12
32 4 4 5 9 2 12 0 12 13
32 4 4 5 10 2 13 0 13 13
32 3 3 3 7 1 9 0 9 10
32 4 4 4 8 1 10 0 10 11
32 4 4 4 9 2 12 0 12 12
32 4 4 5 10 2 12 0 13 13
32 3 3 4 8 2 10 0 11 11
32 4 4 5 10 1 11 0 12 12
32 4 4 5 10 2 12 0 13 13
32 4 4 5 9 1 11 0 11 12
32 4 4 5 10 2 12 0 12 12
32 4 4 6 10 2 13 0 13 14
32 4 4 4 9 1 11 0 11 11
32 4 4 4 8 1 10 0 10 11
32 4 4 4 8 1 10 0 10 11
32 4 4 4 9 1 11 0 11 12
32 4 4 4 9 1 10 0 11 11
32 4 4 4 8 1 10 0 10 10
32 3 3 4 8 1 9 0 10 10
32 4 4 4 9 1 10 0 11 11
32 4 4 4 9 2 11 0 11 12
64 6 6 4 11 1 12 0 13 13
64 5 5 4 10 1 11 0 12 12
64 5 5 4 10 1 12 0 12 12
64 5 5 4 10 2 12 0 13 13
64 5 5 5 11 1 12 0 12 13
64 5 5 5 10 2 13 0 13 14
64 5 5 5 10 1 12 0 12 13
64 5 5 5 10 2 13 0 13 14
64 5 5 4 10 2 12 0 13 13
64 4 4 4 9 2 12 0 13 13
64 5 5 4 10 1 12 0 12 13
64 5 5 5 10 1 12 0 12 13
64 5 5 4 10 1 12 0 12 12
64 5 5 4 9 2 12 0 12 13
64 4 4 4 9 1 10 0 11 11
64 5 5 4 10 1 11 0 12 12
64 6 6 4 10 1 12 0 13 13
64 5 5 4 10 1 11 0 12 12
64 5 5 4 10 1 12 0 12 13
64 5 5 5 11 1 12 0 13 13
64 5 5 4 10 1 11 0 12 12
64 5 5 4 9 1 11 0 11 12
64 6 6 5 11 1 12 0 13 13
64 5 5 4 9 1 11 0 12 12
64 5 5 4 9 1 11 0 11 12
64 5 5 4 10 1 12 0 12 13
64 5 5 5 10 2 13 0 14 14
64 5 5 4 10 1 12 0 12 13
64 5 5 5 10 1 12 0 12 13
64 5 5 4 9 1 11 0 12 12
64 5 5 4 10 1 12 0 12 12
64 5 5 4 9 1 11 0 11 12
128 7 7 5 12 2 15 0 16 16
128 7 7 4 11 1 13 1 14 15
128 6 6 4 10 1 12 0 13 14
128 6 6 4 11 1 13 1 14 14
128 7 7 4 12 1 13 0 14 14
128 7 7 4 12 1 14 1 15 15
128 7 7 5 13 2 15 0 16 17
128 7 7 4 12 1 13 0 14 15
128 7 7 4 11 1 13 1 14 14
128 6 6 5 12 1 13 1 14 15
128 6 6 4 11 1 13 1 14 14
128 7 7 5 12 1 14 0 15 16
128 7 7 4 12 1 13 1 14 15
128 7 7 4 12 1 14 1 15 15
128 6 6 4 11 1 12 1 13 14
128 6 6 4 11 1 12 1 13 14
128 6 6 4 11 1 12 1 13 13
128 6 6 4 10 1 12 0 13 13
128 7 7 4 11 1 13 1 14 15
128 7 7 4 12 1 13 0 14 15
128 7 7 4 11 1 13 0 14 14
128 7 7 4 11 1 13 1 14 15
128 7 7 5 12 1 14 0 15 15
128 7 7 4 12 1 13 1 14 15
128 8 8 5 13 1 14 1 15 16
128 7 7 4 11 1 13 0 14 15
128 7 7 5 12 2 14 1 15 16
128 6 6 4 11 2 13 0 14 15
128 7 7 4 11 1 13 0 14 14
128 7 7 4 12 1 14 1 15 15
128 7 7 4 12 1 13 0 14 15
128 7 7 4 12 1 13 1 14 15
256 10 10 5 15 2 18 2 20 20
256 10 10 5 16 1 18 2 20 20
256 10 10 5 15 1 16 2 18 19
256 10 10 5 15 1 17 2 19 19
256 10 10 5 16 1 17 2 19 20
256 10 10 5 15 1 17 2 19 19
256 9 9 4 14 1 16 2 18 18
256 10 10 5 15 1 17 2 19 19
256 10 10 5 15 1 17 2 19 19
256 10 10 4 15 1 17 2 19 19
256 10 10 4 15 2 18 2 20 20
256 10 10 5 15 2 18 2 20 20
256 10 10 5 15 1 17 2 19 20
256 10 10 5 15 2 17 2 19 20
256 10 10 5 15 1 17 2 19 19
256 9 9 5 14 1 16 2 18 18
256 10 10 5 15 2 18 2 20 20
256 10 10 5 15 2 17 2 19 20
256 10 10 4 15 1 16 2 18 19
256 10 10 4 15 2 17 1 19 19
256 10 10 4 15 2 17 2 19 20
256 10 10 5 16 2 18 2 20 21
256 10 10 4 15 2 17 1 19 20
256 10 10 5 15 1 17 2 19 20
256 10 10 5 16 1 17 2 19 20
256 9 9 5 15 2 17 1 19 20
256 10 10 5 15 1 16 2 18 19
256 10 10 5 15 2 18 1 20 20
256 10 10 5 16 2 18 1 20 20
256 10 10 5 15 1 16 1 18 19
256 10 10 5 15 1 17 2 19 20
256 10 10 4 14 1 16 2 18 19
512 16 16 6 23 2 25 4 29 30
512 16 16 5 22 2 24 4 28 29
512 16 16 6 23 2 25 4 29 30
512 16 16 5 22 2 24 4 28 29
512 16 16 6 22 2 24 4 29 29
512 16 16 6 22 2 25 4 29 30
512 16 16 6 22 1 24 4 28 29
512 15 15 5 21 1 22 4 27 27
512 16 16 5 21 2 24 4 28 28
512 15 15 5 21 2 23 4 27 28
512 15 15 5 21 2 23 4 27 28
512 16 16 5 22 1 23 4 28 28
512 15 15 7 22 1 24 4 29 29
512 15 15 5 20 1 22 4 27 27
512 16 16 6 22 1 23 4 27 28
512 16 16 5 22 1 24 4 28 29
512 16 16 6 22 2 25 4 29 29
512 15 15 5 21 2 23 4 27 28
512 15 15 5 21 2 23 4 28 28
512 15 15 5 21 2 24 4 28 29
512 16 16 6 22 2 24 4 28 29
512 15 15 6 22 2 24 4 28 29
512 16 16 5 21 3 24 4 28 29
512 15 15 5 21 2 24 4 28 28
512 15 15 5 20 2 23 4 27 28
512 15 15 5 21 1 23 4 27 28
512 15 15 5 21 2 23 4 27 27
512 16 16 5 22 2 24 4 29 29
512 16 16 5 22 1 24 4 28 29
512 16 16 5 21 2 24 4 28 29
512 16 16 6 22 1 24 4 28 29
512 16 16 5 22 2 24 4 28 29
1024 26 26 8 34 3 37 9 46 47
1024 27 27 7 34 2 37 9 46 47
1024 26 26 7 34 3 37 9 46 47
1024 27 27 7 34 2 37 9 46 47
1024 26 26 6 33 2 35 9 44 45
1024 27 27 7 34 2 37 9 46 46
1024 26 26 6 33 3 36 9 46 46
1024 27 27 7 34 2 37 9 46 47
1024 26 26 7 34 2 36 9 46 46
1024 26 26 7 34 2 36 9 46 46
1024 27 27 7 34 3 37 9 46 47
1024 27 27 7 34 3 37 9 46 47
1024 26 26 7 33 3 37 9 46 46
1024 27 27 7 34 2 36 9 45 46
1024 27 27 7 35 2 37 9 47 47
1024 27 27 7 35 2 38 9 47 47
1024 27 27 7 34 2 36 9 45 46
1024 26 26 6 33 2 36 9 45 46
1024 25 25 6 32 2 35 9 45 45
1024 26 26 7 33 2 36 9 45 46
1024 26 26 7 33 2 36 9 45 45
1024 27 27 6 33 2 36 9 46 46
1024 26 26 6 33 3 36 9 45 46
1024 26 26 6 33 3 36 9 45 46
1024 26 26 7 33 3 37 9 46 46
1024 26 26 7 34 2 36 9 45 46
1024 27 27 7 34 2 37 9 46 47
1024 26 26 7 33 2 36 9 45 45
1024 26 26 6 32 3 35 9 45 45
1024 26 26 6 33 2 35 9 45 45
1024 27 27 7 34 2 37 9 46 46
1024 27 27 7 34 3 38 9 47 47
2048 47 47 11 59 4 64 19 84 84
2048 48 48 12 60 4 65 20 85 86
2048 48 48 11 59 3 63 19 83 84
2048 47 47 11 59 4 63 19 83 84
2048 47 47 11 59 4 64 19 83 84
2048 48 48 11 60 4 64 19 83 84
2048 47 47 11 59 4 63 19 83 83
2048 47 47 11 59 3 63 19 82 83
2048 48 48 11 60 3 64 20 84 84
2048 47 47 13 60 4 65 19 84 85
2048 48 48 11 59 5 65 19 84 85
2048 47 47 11 58 4 63 19 82 83
2048 47 47 12 59 5 64 19 84 85
2048 47 47 12 59 4 64 19 83 84
2048 48 48 11 60 4 64 19 84 85
2048 47 47 11 58 4 62 19 82 83
2048 47 47 11 59 4 63 19 83 84
2048 48 48 11 60 3 64 19 84 84
2048 48 48 11 60 4 64 20 84 85
2048 48 48 13 61 4 65 19 85 86
2048 48 48 11 60 3 64 19 84 84
2048 47 47 11 58 3 62 20 82 83
2048 47 47 11 58 3 62 19 82 82
2048 47 47 11 58 3 62 20 82 82
2048 46 46 11 58 3 62 20 82 82
2048 47 47 11 59 5 64 19 84 85
2048 48 48 12 61 5 66 19 86 86
2048 48 48 12 60 4 65 19 85 85
2048 47 47 11 58 4 63 19 83 83
2048 47 47 11 59 4 63 20 83 84
2048 47 47 11 59 3 63 19 82 83
2048 46 46 11 58 3 62 19 82 82
4096 92 92 15 107 6 114 51 166 166
4096 93 93 15 109 6 115 44 160 160
4096 92 92 15 108 7 115 43 159 159
4096 93 93 15 109 7 117 43 160 161
4096 91 91 16 108 6 114 42 157 158
4096 91 91 15 107 6 114 43 157 158
4096 92 92 16 108 6 115 43 158 159
4096 91 91 16 107 7 115 43 158 158
4096 93 93 16 109 7 117 43 160 161
4096 92 92 16 108 6 115 43 159 159
4096 93 93 16 109 6 115 43 158 159
4096 92 92 17 109 7 116 43 160 160
4096 92 92 16 109 6 115 42 158 158
4096 92 92 16 109 6 116 43 159 160
4096 155 155 15 171 6 177 43 221 221
4096 92 92 15 107 6 114 43 157 158
4096 91 91 16 108 6 115 43 158 159
4096 92 92 15 108 6 115 43 158 158
4096 93 93 16 109 6 115 43 158 159
4096 92 92 16 109 6 115 42 158 159
4096 92 92 16 108 6 115 43 158 159
4096 92 92 16 108 6 115 55 171 172
4096 93 93 16 110 6 117 43 160 160
4096 92 92 16 108 6 115 43 158 159
4096 91 91 15 106 7 113 42 156 157
4096 92 92 16 108 7 115 42 158 159
4096 91 91 16 107 6 114 42 157 157
4096 92 92 16 109 7 116 43 159 160
4096 92 92 15 107 7 115 43 158 158
4096 94 94 16 110 6 116 43 160 160
4096 93 93 16 109 6 116 43 160 160
4096 93 93 16 109 6 116 43 159 159
8192 181 181 31 212 14 227 96 324 324
8192 180 180 30 211 14 225 96 321 322
8192 180 180 30 211 13 225 97 322 322
8192 181 181 32 214 14 228 96 325 326
8192 182 182 31 213 14 227 96 324 324
8192 182 182 30 212 14 226 97 323 324
8192 181 181 30 211 14 225 96 322 323
8192 179 179 30 209 15 225 96 321 321
8192 180 180 30 210 14 225 127 352 353
8192 181 181 30 212 14 226 96 323 323
8192 179 179 30 209 13 223 95 319 319
8192 181 181 29 210 14 225 97 322 323
8192 180 180 30 210 13 224 96 320 321
8192 181 181 30 211 15 226 96 322 323
8192 180 180 29 210 13 224 97 321 322
8192 180 180 30 210 13 224 95 320 320
8192 181 181 30 211 14 226 96 322 323
8192 180 180 30 210 14 224 96 320 320
8192 180 180 31 211 14 225 96 322 322
8192 180 180 30 211 14 225 103 328 329
8192 181 181 30 212 14 226 97 324 324
8192 180 180 31 211 13 225 98 323 324
8192 181 181 30 212 14 226 97 323 324
8192 179 179 30 210 14 224 96 320 321
8192 181 181 29 211 14 225 96 322 322
8192 181 181 31 213 13 227 96 323 324
8192 180 180 30 210 14 224 96 320 321
8192 180 180 31 212 14 227 96 323 324
8192 179 179 29 209 14 224 96 320 321
8192 182 182 30 212 14 227 97 324 325
8192 179 179 30 210 13 223 104 328 328
8192 180 180 30 211 13 225 96 321 322
16384 363 363 55 418 32 451 230 682 691
16384 364 364 54 418 31 450 231 681 689
16384 365 365 57 423 32 455 242 697 708
16384 363 363 54 417 31 448 228 677 685
16384 362 362 54 417 31 448 229 678 687
16384 360 360 54 415 31 446 228 674 683
16384 374 374 56 430 31 462 228 691 700
16384 359 359 53 413 31 444 229 673 681
16384 360 360 53 413 30 444 227 672 681
16384 360 360 54 415 31 446 230 676 684
16384 360 360 54 415 31 446 229 676 684
16384 362 362 53 415 30 446 231 678 686
16384 363 363 54 418 30 448 230 679 688
16384 360 360 54 414 31 446 265 711 729
16384 360 360 54 414 30 445 229 674 682
16384 362 362 55 417 31 449 228 677 685
16384 361 361 54 416 30 446 229 675 684
16384 371 371 54 426 30 457 232 689 697
16384 363 363 55 418 31 450 230 680 689
16384 362 362 54 416 31 447 230 678 686
16384 362 362 54 416 30 447 231 678 686
16384 364 364 57 421 32 453 229 683 693
16384 359 359 53 413 30 444 229 673 682
16384 360 360 54 414 31 446 230 677 685
16384 363 363 54 417 30 448 239 687 705
16384 359 359 54 414 30 444 228 673 680
16384 360 360 53 414 30 444 229 674 681
16384 362 362 54 417 31 448 230 678 687
16384 373 373 54 427 31 459 227 687 695
16384 362 362 55 417 31 448 231 680 689
16384 361 361 55 416 31 448 231 679 687
16384 362 362 54 417 32 449 229 679 688
32768 720 720 114 835 79 915 493 1408 1428
32768 720 720 108 828 76 905 498 1404 1425
32768 731 731 108 839 77 917 491 1408 1427
32768 710 710 107 817 76 894 490 1385 1404
32768 728 728 107 835 77 913 490 1404 1422
32768 720 720 112 832 77 910 489 1399 1418
32768 713 713 104 818 85 904 499 1403 1422
32768 716 716 108 825 76 902 489 1392 1411
32768 715 715 109 824 77 901 500 1402 1422
32768 715 715 104 819 75 895 488 1383 1404
32768 718 718 105 824 77 901 490 1392 1411
32768 714 714 106 821 77 898 487 1385 1406
32768 717 717 109 826 76 902 487 1389 1408
32768 756 756 114 870 76 946 494 1441 1461
32768 726 726 109 835 77 913 493 1406 1427
32768 724 724 109 834 77 911 494 1406 1424
32768 717 717 108 826 77 904 493 1397 1416
32768 716 716 118 834 78 913 492 1405 1426
32768 710 710 107 818 76 894 484 1379 1399
32768 714 714 108 823 76 900 526 1426 1445
32768 716 716 109 825 76 901 493 1395 1414
32768 716 716 107 824 75 900 488 1388 1407
32768 723 723 111 834 76 911 492 1404 1424
32768 716 716 109 825 77 903 493 1396 1416
32768 725 725 110 836 78 914 489 1404 1424
32768 711 711 106 818 77 895 489 1384 1401
32768 749 749 106 855 76 931 492 1424 1443
32768 716 716 106 822 77 900 496 1397 1415
32768 717 717 117 835 76 911 488 1400 1419
32768 715 715 107 822 76 898 493 1392 1409
32768 713 713 110 824 76 901 502 1403 1425
32768 714 714 106 821 74 896 492 1388 1406
65536 1411 1411 219 1630 168 1798 1206 3005 3034
65536 1415 1415 202 1618 172 1790 1210 3001 3030
65536 1423 1423 209 1632 169 1802 1223 3025 3053
65536 1413 1413 204 1618 170 1789 1194 2983 3008
65536 1431 1431 215 1646 190 1836 1214 3051 3081
65536 1424 1424 207 1632 170 1802 1209 3011 3037
65536 1435 1435 205 1640 180 1821 1217 3038 3066
65536 1428 1428 209 1637 173 1811 1223 3034 3060
65536 1421 1421 206 1627 176 1804 1224 3029 3056
65536 1420 1420 210 1631 172 1803 1223 3027 3054
65536 1416 1416 204 1621 174 1795 1209 3005 3032
65536 1413 1413 203 1616 169 1786 1206 2993 3018
65536 1426 1426 210 1637 172 1810 1207 3018 3046
65536 1430 1430 205 1636 178 1814 1212 3026 3054
65536 1425 1425 204 1629 169 1799 1227 3027 3052
65536 1419 1419 214 1633 173 1807 1222 3029 3056
65536 1413 1413 204 1618 178 1796 1209 3006 3032
65536 1412 1412 204 1616 171 1788 1209 2997 3033
65536 1410 1410 201 1611 176 1788 1200 2988 3014
65536 1444 1444 216 1660 185 1845 1216 3062 3090
65536 1431 1431 211 1643 173 1816 1203 3020 3047
65536 1436 1436 210 1647 170 1817 1202 3020 3046
65536 1432 1432 213 1646 181 1827 1211 3039 3067
65536 1423 1423 213 1637 175 1812 1221 3033 3062
65536 1419 1419 204 1624 175 1800 1214 3014 3041
65536 1421 1421 205 1626 177 1804 1205 3009 3037
65536 1428 1428 204 1633 168 1802 1210 3012 3037
65536 1421 1421 206 1628 176 1804 1204 3009 3036
65536 1427 1427 210 1637 169 1807 1211 3018 3046
65536 1413 1413 203 1616 189 1805 1210 3015 3043
65536 1418 1418 204 1622 174 1796 1211 3007 3035
65536 1423 1423 207 1630 169 1800 1207 3007 3035
131072 2814 2814 403 3217 482 3699 2766 6466 6498
131072 2821 2821 403 3225 450 3675 2745 6420 6450
131072 2828 2828 397 3226 478 3705 2745 6451 6492
131072 2825 2825 398 3224 483 3707 2761 6468 6500
131072 2840 2840 409 3249 461 3711 2746 6457 6488
131072 2860 2860 414 3275 450 3726 2767 6493 6526
131072 2826 2826 392 3218 457 3675 2725 6401 6432
131072 2810 2810 404 3214 467 3682 2762 6445 6475
131072 2842 2842 398 3241 453 3694 2813 6507 6539
131072 2826 2826 405 3231 462 3694 2729 6423 6457
131072 2839 2839 410 3249 461 3710 2768 6479 6510
131072 2832 2832 394 3226 456 3682 2722 6405 6436
131072 2834 2834 401 3236 458 3694 2738 6433 6468
131072 2820 2820 391 3212 465 3677 2723 6401 6432
131072 2829 2829 420 3249 476 3726 2801 6527 6559
131072 2827 2827 394 3221 482 3703 2752 6456 6487
131072 2836 2836 392 3229 473 3702 2766 6468 6499
131072 2827 2827 392 3219 460 3680 2725 6406 6435
131072 2829 2829 394 3224 478 3703 2745 6448 6481
131072 2840 2840 409 3249 466 3715 2810 6525 6558
131072 2816 2816 392 3208 477 3685 2707 6393 6425
131072 2808 2808 400 3209 471 3680 2752 6433 6464
131072 2836 2836 414 3250 473 3723 2738 6462 6494
131072 2833 2833 411 3244 477 3722 2779 6502 6537
131072 2826 2826 397 3223 467 3690 2741 6431 6462
131072 2813 2813 393 3206 494 3700 2735 6436 6472
131072 2831 2831 393 3225 476 3701 2755 6457 6487
131072 2822 2822 392 3215 466 3682 2715 6398 6428
131072 2848 2848 410 3259 477 3736 2767 6504 6533
131072 2828 2828 406 3235 468 3703 2736 6440 6473
131072 2835 2835 395 3230 450 3681 2724 6406 6439
131072 2842 2842 396 3238 458 3696 2715 6412 6445
262144 5672 5672 807 6479 1124 7604 6145 13750 13791
262144 5628 5628 789 6418 1108 7527 6087 13614 13652
262144 5615 5615 797 6413 1123 7536 6038 13575 13614
262144 5675 5675 790 6466 1119 7585 6150 13735 13776
262144 5644 5644 804 6449 1147 7596 6119 13716 13756
262144 5620 5620 765 6386 1080 7467 5938 13406 13445
262144 5645 5645 773 6418 1127 7545 6023 13569 13610
262144 5643 5643 795 6439 1105 7545 6004 13549 13588
262144 5637 5637 771 6408 1103 7512 6057 13569 13612
262144 5660 5660 771 6432 1110 7543 5980 13523 13564
262144 5646 5646 810 6456 1106 7562 5951 13514 13553
262144 5683 5683 779 6463 1104 7568 6104 13672 13712
262144 5620 5620 769 6389 1094 7484 5981 13466 13504
262144 5625 5625 774 6400 1094 7494 6014 13509 13547
262144 5656 5656 776 6433 1114 7547 6046 13593 13634
262144 5621 5621 766 6387 1096 7483 6091 13574 13613
262144 5645 5645 774 6420 1134 7555 6048 13603 13641
262144 5651 5651 770 6422 1095 7517 6077 13594 13634
262144 5633 5633 774 6408 1126 7534 6042 13577 13615
262144 5638 5638 768 6406 1093 7500 5998 13499 13537
262144 5673 5673 775 6448 1107 7556 6064 13620 13660
262144 5639 5639 767 6406 1105 7512 6021 13533 13573
262144 5616 5616 768 6384 1115 7500 6066 13567 13605
262144 5686 5686 777 6463 1094 7557 6040 13597 13637
262144 5612 5612 767 6380 1108 7489 6031 13520 13593
262144 5644 5644 771 6415 1115 7530 6037 13567 13608
262144 5619 5619 767 6386 1097 7483 6016 13500 13538
262144 5637 5637 768 6405 1108 7513 6038 13551 13588
262144 5646 5646 769 6415 1120 7535 5987 13523 13562
262144 5646 5646 766 6413 1093 7507 6179 13686 13724
262144 5638 5638 771 6410 1143 7553 6086 13640 13681
262144 5645 5645 767 6413 1101 7514 6020 13535 13574
524288 11311 11311 1612 12924 2353 15278 13372 28650 28707
524288 11256 11256 1583 12839 2411 15251 13557 28809 28864
524288 11227 11227 1610 12837 2350 15187 13360 28548 28607
524288 11249 11249 1598 12847 2376 15223 13425 28649 28702
524288 11233 11233 1516 12749 2337 15086 13435 28522 28574
524288 11281 11281 1525 12807 2408 15215 13547 28763 28815
524288 11256 11256 1525 12782 2365 15148 13366 28514 28564
524288 11281 11281 1528 12809 2383 15193 13478 28671 28727
524288 11226 11226 1517 12744 2333 15077 13126 28204 28254
524288 11341 11341 1540 12882 2349 15232 13431 28663 28717
524288 11263 11263 1536 12799 2385 15185 13253 28438 28491
524288 11208 11208 1527 12736 2333 15070 13178 28248 28299
524288 11243 11243 1522 12765 2348 15114 13331 28446 28500
524288 11258 11258 1532 12791 2403 15195 13327 28523 28575
524288 11307 11307 1532 12840 2343 15183 13354 28538 28592
524288 11264 11264 1536 12800 2386 15187 13238 28426 28483
524288 11216 11216 1518 12735 2322 15057 13174 28231 28284
524288 11257 11257 1522 12780 2338 15118 13244 28363 28413
524288 11226 11226 1511 12738 2326 15065 12979 28044 28096
524288 11270 11270 1532 12803 2362 15165 13147 28313 28368
524288 11239 11239 1521 12760 2304 15065 13235 28301 28368
524288 11266 11266 1540 12807 2357 15164 13089 28254 28309
524288 11264 11264 1518 12782 2338 15121 13169 28290 28339
524288 11204 11204 1517 12722 2329 15051 13183 28234 28286
524288 11320 11320 1537 12857 2330 15188 13296 28484 28539
524288 11252 11252 1526 12779 2332 15112 13253 28366 28415
524288 11260 11260 1541 12802 2377 15179 13242 28421 28475
524288 11221 11221 1516 12738 2328 15066 13106 28173 28224
524288 11286 11286 1555 12842 2354 15197 13077 28274 28326
524288 11216 11216 1515 12732 2319 15052 13194 28246 28297
524288 11302 11302 1531 12834 2346 15181 13380 28561 28617
524288 11264 11264 1532 12797 2369 15166 13190 28357 28412
1048576 22505 22505 3217 25723 4839 30563 29561 60124 60205
1048576 22534 22534 3205 25740 4912 30652 29809 60461 60552
1048576 22468 22468 3190 25658 4844 30502 29499 60002 60086
1048576 22546 22546 3048 25595 5013 30608 29787 60396 60480
1048576 22431 22431 3021 25452 4888 30341 29167 59508 59588
1048576 22526 22526 3041 25568 4957 30525 29629 60155 60240
1048576 22410 22410 3025 25435 4848 30284 29365 59649 59728
1048576 22519 22519 3048 25568 4954 30522 29344 59866 59950
1048576 22428 22428 3026 25454 4844 30298 28974 59273 59353
1048576 22511 22511 3056 25568 4912 30481 29637 60118 60202
1048576 22412 22412 3027 25439 4853 30293 29240 59533 59614
1048576 22497 22497 3053 25551 4970 30521 29533 60054 60137
1048576 22418 22418 3015 25434 4845 30280 28931 59211 59289
1048576 22521 22521 3049 25570 4933 30503 29393 59897 59981
1048576 22414 22414 3021 25436 4842 30279 29293 59572 59652
1048576 22529 22529 3047 25576 4963 30540 29232 59773 59858
1048576 22428 22428 3018 25446 4832 30278 29045 59324 59405
1048576 22534 22534 3040 25575 4925 30500 29501 60001 60084
1048576 22429 22429 3020 25450 4855 30306 29276 59582 59660
1048576 22525 22525 3050 25576 4927 30503 29357 59861 59944
1048576 22434 22434 3023 25457 4846 30304 29086 59390 59468
1048576 22527 22527 3052 25579 4920 30500 29265 59765 59848
1048576 22415 22415 3022 25437 4830 30268 29147 59415 59496
1048576 22526 22526 3047 25574 4950 30524 29227 59752 59836
1048576 22414 22414 3017 25432 4811 30244 29008 59252 59331
1048576 22524 22524 3051 25575 4922 30498 29300 59798 59882
1048576 22429 22429 3025 25455 4852 30307 29095 59403 59482
1048576 22537 22537 3050 25587 4927 30515 29346 59861 59946
1048576 22427 22427 3016 25443 4839 30282 29051 59334 59417
1048576 22635 22635 3137 25772 4918 30691 29716 60408 60489
1048576 22544 22544 3075 25619 4994 30614 29897 60512 60597
1048576 22467 22467 3066 25534 4869 30403 29483 59887 59968
2097152 45071 45071 6501 51572 11776 63348 67460 130808 130975
2097152 45011 45011 6413 51425 11528 62954 66963 129918 130071
2097152 45300 45300 6290 51590 12058 63648 67699 131348 131506
2097152 45004 45004 6195 51200 12192 63393 67221 130614 130767
2097152 45182 45182 6279 51461 12144 63605 67225 130831 130992
2097152 44967 44967 6197 51164 12219 63384 66637 130022 130174
2097152 45181 45181 6271 51452 11059 62511 67594 130106 130269
2097152 44948 44948 6198 51147 11960 63107 66850 129957 130104
2097152 45147 45147 6268 51415 11350 62766 67261 130028 130188
2097152 44969 44969 6178 51148 10982 62130 66483 128614 128768
2097152 45184 45184 6277 51461 11569 63031 67251 130282 130441
2097152 44995 44995 6182 51177 11919 63097 66379 129476 129627
2097152 45188 45188 6257 51445 10301 61747 66459 128206 128366
2097152 44973 44973 6186 51160 11472 62632 66284 128917 129065
2097152 45210 45210 6274 51485 12134 63620 66697 130318 130477
2097152 44960 44960 6183 51143 12235 63379 66498 129878 130028
2097152 45163 45163 6267 51431 10198 61629 66152 127782 127941
2097152 44928 44928 6190 51119 11760 62880 66927 129807 129958
2097152 45182 45182 6258 51440 11913 63354 67356 130710 130871
2097152 44945 44945 6188 51133 10127 61261 65475 126736 126888
2097152 45163 45163 6258 51421 10150 61572 67052 128624 128787
2097152 44983 44983 6195 51179 11960 63140 66709 129849 129999
2097152 45190 45190 6269 51460 11835 63295 66815 130111 130276
2097152 44973 44973 6204 51177 10497 61674 66413 128088 128238
2097152 45153 45153 6262 51415 11330 62746 66036 128782 128957
2097152 45339 45339 6381 51720 11669 63390 67183 130573 130729
2097152 45362 45362 6356 51718 11447 63166 68180 131347 131513
2097152 45118 45118 6235 51354 12187 63541 66884 130425 130577
2097152 45211 45211 6253 51465 12558 64023 67288 131311 131471
2097152 45315 45315 6333 51648 11770 63419 67032 130451 130608
2097152 45321 45321 6329 51651 11070 62722 67786 130508 130672
2097152 44993 44993 6222 51216 11044 62261 66587 128848 129002
