8 5 5 8 14 1 16 0 16 17
8 3 3 5 8 2 10 0 11 11
8 3 3 5 9 2 12 0 12 12
8 3 3 5 8 1 10 0 10 11
8 4 4 4 8 1 10 0 10 10
8 3 3 5 8 2 11 0 11 11
8 3 3 4 7 2 10 0 10 10
8 3 3 5 9 2 11 0 12 12
8 3 3 4 8 2 10 0 10 11
8 3 3 5 9 1 11 0 11 12
8 3 3 4 7 1 9 0 9 9
8 3 3 5 9 2 11 0 11 12
8 3 3 5 8 1 10 0 10 11
8 3 3 4 8 1 9 0 10 10
8 3 3 4 8 1 10 0 10 10
8 3 3 4 7 1 9 0 10 10
8 3 3 5 8 1 10 0 10 11
8 3 3 4 8 1 9 0 10 10
8 3 3 4 8 1 9 0 10 10
8 3 3 5 8 2 10 0 11 11
8 3 3 5 9 1 10 0 11 11
8 3 3 4 8 1 10 0 10 10
8 3 3 4 7 2 9 0 10 10
8 3 3 5 8 1 10 0 10 11
8 3 3 5 9 1 11 0 11 11
8 3 3 5 8 1 10 0 10 11
8 3 3 4 8 2 10 0 10 11
8 3 3 5 8 1 10 0 10 10
8 3 3 4 7 2 10 0 10 11
8 3 3 5 8 1 10 0 10 10
8 3 3 4 7 2 10 0 10 10
8 3 3 4 8 1 9 0 9 10
16 4 4 4 8 1 10 0 10 11
16 4 4 5 9 1 10 0 10 11
16 4 4 4 8 1 10 0 11 11
16 3 3 4 8 1 10 0 10 10
16 3 3 5 9 1 10 0 10 11
16 3 3 4 7 1 9 0 9 10
16 4 4 5 9 1 11 0 12 12
16 3 3 4 8 1 9 0 10 10
16 3 3 4 7 1 9 0 9 9
16 3 3 4 8 1 10 0 10 11
16 3 3 5 8 1 10 0 10 10
16 3 3 4 8 1 10 0 10 10
16 4 4 4 8 1 9 0 10 10
16 3 3 4 7 1 9 0 9 9
16 3 3 5 9 1 10 0 10 11
16 3 3 4 8 1 9 0 10 10
16 3 3 4 8 1 9 0 9 10
16 3 3 4 8 2 11 0 11 11
16 4 4 5 10 1 11 0 11 12
16 3 3 5 9 1 10 0 10 11
16 3 3 5 9 1 11 0 11 12
16 3 3 4 8 3 11 0 11 12
16 3 3 4 8 2 10 0 10 11
16 3 3 5 8 2 10 0 11 11
16 4 4 4 8 1 10 0 10 11
16 4 4 4 8 1 10 0 11 11
16 3 3 4 8 2 10 0 11 11
16 3 3 4 8 1 9 0 10 10
16 4 4 4 9 1 10 0 10 11
16 3 3 4 8 2 10 0 11 11
16 3 3 4 8 2 11 0 11 11
16 4 4 4 9 1 10 0 11 11
32 4 4 5 10 2 12 0 13 13
32 4 4 4 9 2 11 0 12 12
32 4 4 4 9 1 11 0 11 11
32 4 4 4 8 1 10 0 10 10
32 4 4 4 9 2 11 0 11 11
32 4 4 5 10 1 12 0 12 12
32 4 4 5 9 1 10 0 10 11
32 4 4 5 10 1 12 0 12 12
32 4 4 5 9 1 11 0 11 11
32 5 5 5 10 1 11 0 12 12
32 4 4 4 9 1 10 0 10 11
32 4 4 4 8 1 10 0 10 11
32 4 4 4 8 1 9 0 10 10
32 4 4 4 8 1 10 0 10 10
32 4 4 4 8 1 9 0 9 10
32 4 4 5 10 2 12 0 12 13
32 5 5 5 11 1 12 0 13 13
32 4 4 5 10 1 12 0 12 13
32 4 4 4 9 1 10 0 10 10
32 4 4 4 9 2 11 0 12 12
32 4 4 4 9 1 10 0 10 11
32 4 4 5 10 1 12 0 12 12
32 4 4 5 10 1 11 0 11 12
32 4 4 5 9 1 11 0 11 11
32 4 4 5 10 1 12 0 12 12
32 5 5 5 10 1 11 0 12 12
32 4 4 5 9 1 11 0 11 12
32 4 4 4 8 1 10 0 10 11
32 4 4 4 9 1 10 0 11 11
32 4 4 4 9 1 10 0 11 11
32 4 4 5 10 1 11 0 12 12
32 4 4 5 9 1 11 0 12 12
64 5 5 5 10 3 14 0 14 15
64 5 5 5 11 3 14 0 14 15
64 5 5 5 11 1 13 0 13 14
64 5 5 4 10 2 12 0 13 13
64 6 6 4 10 1 12 0 12 12
64 5 5 4 10 1 12 0 12 12
64 5 5 4 10 1 11 0 12 12
64 5 5 4 10 1 12 0 12 12
64 5 5 4 10 1 12 0 12 13
64 5 5 5 11 2 13 0 13 14
64 5 5 4 10 2 13 0 13 13
64 5 5 4 10 1 11 0 12 12
64 6 6 4 10 1 12 0 13 13
64 5 5 4 10 1 11 0 12 12
64 5 5 5 10 1 12 0 13 13
64 5 5 4 9 1 11 0 12 12
64 5 5 4 10 1 11 0 12 12
64 5 5 4 10 1 11 0 11 12
64 5 5 4 10 1 12 0 12 13
64 5 5 4 10 1 11 0 11 12
64 5 5 5 10 2 12 0 13 13
64 5 5 6 11 3 15 0 16 16
64 5 5 4 10 1 12 0 12 12
64 5 5 4 9 1 10 0 11 11
64 6 6 4 11 1 12 0 13 13
64 5 5 5 10 1 11 0 12 12
64 5 5 5 11 1 12 0 13 13
64 5 5 4 10 2 12 0 13 13
64 6 6 5 11 3 14 0 15 15
64 5 5 4 9 1 11 0 12 12
64 5 5 5 10 1 12 0 12 13
64 5 5 5 10 1 12 0 13 13
128 7 7 4 11 1 13 0 14 15
128 7 7 4 12 2 14 0 15 16
128 7 7 5 13 1 14 0 15 15
128 7 7 4 12 1 13 0 14 14
128 7 7 4 12 1 14 0 15 15
128 7 7 4 12 1 13 0 14 15
128 5 5 4 10 2 13 0 14 14
128 6 6 4 11 2 13 0 14 14
128 7 7 6 13 1 15 0 16 16
128 8 8 4 12 1 14 0 15 15
128 7 7 4 11 1 13 0 14 14
128 6 6 4 11 1 13 0 14 14
128 7 7 5 12 1 14 0 15 15
128 7 7 5 12 1 14 0 15 15
128 7 7 5 12 1 14 0 15 15
128 7 7 5 12 1 14 0 15 15
128 7 7 5 12 2 14 0 15 16
128 6 6 4 11 2 14 0 14 15
128 8 8 4 12 1 14 0 15 15
128 7 7 4 12 1 14 0 15 15
128 7 7 5 12 1 14 0 14 15
128 7 7 5 12 2 14 0 15 15
128 7 7 4 11 2 14 0 14 15
128 6 6 4 10 1 12 0 13 13
128 5 5 4 10 1 11 0 12 13
128 5 5 4 10 1 11 0 12 13
128 6 6 4 11 3 14 0 15 15
128 7 7 4 12 3 15 0 16 17
128 7 7 5 12 2 15 0 15 16
128 7 7 4 12 1 13 0 14 14
128 7 7 5 12 1 14 0 14 15
128 7 7 4 12 1 13 0 14 15
256 10 10 6 17 1 18 1 20 21
256 10 10 6 16 1 18 1 19 20
256 10 10 5 15 2 18 1 19 20
256 10 10 5 15 2 17 1 19 19
256 10 10 5 16 1 18 1 19 20
256 10 10 5 16 2 18 1 20 21
256 10 10 5 15 1 17 1 19 19
256 10 10 5 16 2 18 1 20 21
256 10 10 5 16 1 17 1 19 19
256 10 10 5 15 2 18 1 19 20
256 10 10 5 16 3 19 1 21 21
256 9 9 5 15 1 16 1 18 19
256 10 10 5 15 2 18 1 20 20
256 10 10 5 15 1 17 1 19 20
256 10 10 5 15 2 17 1 19 19
256 10 10 4 14 1 16 1 18 18
256 10 10 5 15 2 17 1 19 19
256 10 10 5 15 2 17 1 19 19
256 10 10 6 16 1 17 1 19 19
256 9 9 5 14 1 16 1 17 18
256 10 10 5 15 2 17 1 18 19
256 10 10 5 16 2 18 1 20 20
256 9 9 5 14 1 16 1 18 19
256 9 9 5 14 1 16 1 17 18
256 9 9 5 14 2 17 1 18 19
256 9 9 4 14 1 16 1 17 18
256 8 8 4 13 2 15 1 17 17
256 8 8 4 13 1 15 1 17 17
256 9 9 4 14 1 16 1 17 18
256 8 8 5 14 1 16 1 18 18
256 10 10 5 15 1 17 1 19 19
256 10 10 5 15 1 17 1 18 19
512 16 16 6 22 2 25 3 28 29
512 16 16 6 22 2 24 3 27 28
512 15 15 5 21 2 23 3 26 27
512 15 15 5 20 2 23 3 26 26
512 15 15 6 21 2 24 3 27 27
512 15 15 5 21 3 24 3 27 28
512 15 15 5 21 2 23 3 26 27
512 16 16 6 22 3 26 3 29 29
512 16 16 6 23 1 24 3 28 28
512 16 16 5 22 2 25 3 28 28
512 16 16 5 22 2 24 3 28 28
512 15 15 6 21 2 24 3 27 27
512 16 16 7 23 2 26 3 29 30
512 15 15 5 21 1 23 3 26 27
512 15 15 6 22 2 24 3 27 27
512 16 16 5 21 2 24 3 27 27
512 15 15 5 21 2 24 3 27 27
512 16 16 6 22 2 24 3 27 28
512 16 16 6 22 3 25 3 28 29
512 15 15 5 21 2 24 3 27 28
512 15 15 6 21 2 24 3 27 27
512 16 16 6 22 2 24 3 28 28
512 15 15 6 21 2 24 3 27 27
512 15 15 5 21 2 23 3 26 27
512 16 16 6 22 2 25 3 28 29
512 15 15 5 21 2 23 3 26 27
512 16 16 5 21 2 24 3 27 28
512 16 16 6 22 2 25 3 28 29
512 15 15 5 21 3 24 3 27 28
512 16 16 6 22 2 25 3 28 29
512 15 15 5 21 1 23 3 26 27
512 14 14 5 20 2 23 3 26 26
1024 36 36 8 45 3 48 6 55 55
1024 26 26 7 34 2 36 7 43 44
1024 25 25 6 32 3 35 6 42 43
1024 26 26 7 33 3 37 6 44 44
1024 27 27 6 34 3 37 6 44 45
1024 26 26 7 34 3 37 6 44 45
1024 26 26 6 32 2 35 6 42 43
1024 26 26 7 34 2 37 6 44 44
1024 27 27 7 34 2 37 7 44 44
1024 25 25 8 34 3 37 7 44 44
1024 26 26 7 33 3 37 6 44 45
1024 25 25 7 32 3 36 6 43 43
1024 26 26 7 34 3 37 6 44 44
1024 27 27 7 34 2 37 6 44 44
1024 26 26 7 34 2 37 6 44 44
1024 26 26 7 34 2 37 6 44 44
1024 25 25 7 33 2 36 6 42 43
1024 26 26 8 35 4 39 6 46 47
1024 26 26 7 34 3 37 6 44 45
1024 27 27 7 34 2 37 6 44 45
1024 26 26 7 33 2 36 6 43 43
1024 25 25 7 33 2 35 6 42 43
1024 26 26 6 32 3 36 7 43 43
1024 26 26 6 32 3 36 6 43 44
1024 26 26 8 34 2 37 6 44 44
1024 35 35 9 44 2 47 6 53 54
1024 27 27 7 35 2 37 6 44 45
1024 26 26 7 34 2 37 7 44 44
1024 26 26 7 33 3 36 6 43 44
1024 26 26 7 33 3 37 6 43 44
1024 26 26 7 33 2 36 6 43 44
1024 26 26 7 33 3 36 6 43 44
2048 47 47 11 59 4 64 14 79 79
2048 55 55 11 67 4 71 15 87 87
2048 48 48 11 60 4 64 14 79 79
2048 47 47 11 58 4 63 15 78 78
2048 47 47 12 59 4 64 15 79 79
2048 47 47 11 59 4 64 15 79 79
2048 47 47 11 59 4 64 15 79 80
2048 48 48 12 60 4 64 14 79 80
2048 47 47 11 58 4 63 15 78 78
2048 47 47 11 59 4 63 14 78 79
2048 47 47 12 59 4 64 14 79 80
2048 48 48 12 60 4 65 15 80 81
2048 48 48 12 60 3 64 14 79 79
2048 46 46 12 58 4 63 14 78 78
2048 47 47 12 59 4 64 14 78 79
2048 46 46 11 58 3 62 15 77 78
2048 48 48 12 61 3 64 15 80 80
2048 47 47 12 60 3 63 15 78 79
2048 47 47 12 59 4 64 15 79 80
2048 47 47 11 59 4 63 14 78 79
2048 48 48 11 59 4 64 14 79 79
2048 47 47 12 59 3 63 14 78 79
2048 47 47 11 58 4 63 14 78 78
2048 48 48 12 60 4 64 14 79 79
2048 48 48 12 60 4 65 15 80 80
2048 57 57 11 69 4 74 14 89 89
2048 47 47 11 59 4 63 15 78 79
2048 47 47 11 59 4 63 14 78 78
2048 47 47 12 60 4 64 14 79 80
2048 48 48 12 60 3 64 14 79 79
2048 47 47 12 60 4 65 14 80 81
2048 47 47 11 59 4 63 15 78 79
4096 91 91 16 107 6 114 32 147 147
4096 93 93 16 109 7 116 33 149 150
4096 91 91 16 108 6 115 32 147 148
4096 92 92 17 109 7 116 32 148 149
4096 93 93 16 109 7 116 32 149 150
4096 92 92 16 108 7 115 34 150 150
4096 92 92 16 108 8 117 32 149 150
4096 91 91 16 108 7 115 32 148 148
4096 92 92 17 109 6 116 32 148 149
4096 92 92 15 108 7 115 32 148 148
4096 92 92 16 108 7 115 33 149 149
4096 91 91 15 107 7 114 32 146 147
4096 92 92 16 108 6 115 32 147 147
4096 92 92 16 109 7 116 32 148 149
4096 91 91 16 107 6 114 32 146 147
4096 92 92 16 108 7 115 32 148 148
4096 91 91 15 107 7 114 32 147 147
4096 92 92 15 108 6 115 32 147 147
4096 92 92 15 108 7 115 32 148 148
4096 92 92 15 107 6 114 32 147 147
4096 92 92 16 108 6 115 32 148 148
4096 92 92 15 108 7 115 33 148 148
4096 92 92 15 108 6 115 32 148 148
4096 92 92 16 108 7 116 33 149 150
4096 92 92 16 109 7 116 32 148 149
4096 92 92 15 108 6 115 31 147 147
4096 92 92 15 108 7 115 32 147 148
4096 92 92 16 108 6 114 32 147 147
4096 91 91 15 107 7 115 33 148 149
4096 91 91 16 108 6 114 32 147 148
4096 93 93 16 110 6 117 32 149 150
4096 91 91 16 108 6 114 32 147 147
8192 181 181 31 212 14 226 75 301 302
8192 180 180 30 211 13 224 74 299 299
8192 180 180 30 210 14 225 75 300 301
8192 179 179 30 209 14 224 74 298 299
8192 179 179 30 210 14 224 74 299 300
8192 181 181 30 212 14 226 74 301 302
8192 180 180 30 210 14 225 75 300 301
8192 179 179 31 210 14 224 74 299 299
8192 180 180 30 211 14 225 82 307 308
8192 179 179 30 209 14 224 74 298 298
8192 179 179 30 210 14 224 74 299 299
8192 180 180 30 211 14 225 75 300 301
8192 179 179 30 210 14 224 73 298 298
8192 179 179 29 209 15 224 75 299 300
8192 178 178 30 208 13 222 75 297 298
8192 180 180 30 210 15 226 75 301 301
8192 181 181 31 212 13 226 73 300 300
8192 181 181 30 212 14 226 76 302 303
8192 180 180 31 211 14 225 75 301 301
8192 179 179 32 211 14 226 75 301 301
8192 180 180 30 211 14 225 75 301 301
8192 180 180 29 209 14 224 75 299 300
8192 181 181 32 213 14 228 75 303 304
8192 179 179 30 209 14 224 72 296 297
8192 180 180 30 211 14 225 74 300 300
8192 180 180 30 211 14 225 74 300 300
8192 181 181 30 212 14 226 74 300 301
8192 179 179 29 208 14 223 75 299 299
8192 180 180 29 210 14 224 75 300 300
8192 181 181 30 211 15 226 74 301 302
8192 180 180 32 212 14 227 74 301 302
8192 178 178 30 209 13 222 74 297 298
16384 365 365 55 420 31 452 196 648 658
16384 364 364 55 419 31 450 196 647 656
16384 371 371 54 426 32 459 196 655 664
16384 362 362 55 418 30 449 196 645 654
16384 360 360 54 415 31 447 195 642 652
16384 363 363 56 420 31 451 196 648 657
16384 365 365 54 419 31 450 197 648 656
16384 363 363 56 419 31 450 194 645 654
16384 362 362 54 416 31 448 197 645 653
16384 361 361 54 415 30 446 206 652 661
16384 359 359 53 413 30 443 194 638 647
16384 364 364 55 419 31 451 198 649 657
16384 363 363 54 417 30 448 199 647 655
16384 402 402 56 459 32 491 196 688 697
16384 359 359 53 413 31 445 193 638 647
16384 363 363 55 418 31 449 197 647 655
16384 363 363 55 418 31 449 194 644 652
16384 361 361 57 419 31 451 195 646 655
16384 361 361 54 416 31 447 196 644 652
16384 362 362 56 418 31 450 197 648 658
16384 361 361 53 414 30 445 195 640 650
16384 359 359 54 414 31 445 194 639 648
16384 361 361 54 416 31 448 197 645 654
16384 361 361 55 417 32 449 196 646 655
16384 361 361 54 415 31 446 243 689 700
16384 360 360 54 415 31 446 196 643 653
16384 362 362 54 417 31 448 195 644 654
16384 360 360 55 416 32 448 196 644 655
16384 373 373 55 429 31 460 197 657 666
16384 359 359 54 413 31 445 197 642 651
16384 362 362 54 417 31 448 194 643 651
16384 361 361 54 415 32 448 195 644 653
32768 714 714 111 826 77 904 421 1325 1348
32768 718 718 107 826 77 903 424 1328 1349
32768 726 726 111 838 79 917 421 1338 1358
32768 716 716 109 826 77 903 420 1324 1343
32768 716 716 118 835 82 918 444 1362 1383
32768 714 714 109 823 79 902 424 1327 1348
32768 715 715 108 823 77 901 434 1336 1357
32768 716 716 113 830 78 908 426 1335 1355
32768 714 714 110 825 77 902 429 1332 1354
32768 712 712 109 821 80 901 421 1323 1343
32768 718 718 110 828 78 907 420 1327 1348
32768 734 734 112 846 80 927 426 1353 1374
32768 717 717 109 827 79 906 423 1330 1351
32768 725 725 110 835 78 914 422 1336 1357
32768 713 713 108 821 78 900 429 1329 1350
32768 712 712 107 820 76 896 445 1341 1363
32768 712 712 105 817 77 894 431 1326 1353
32768 719 719 108 828 78 906 422 1329 1358
32768 716 716 108 825 81 906 422 1329 1356
32768 713 713 108 821 79 900 420 1321 1348
32768 715 715 110 825 79 905 422 1328 1347
32768 714 714 108 823 77 900 424 1325 1346
32768 730 730 113 843 79 923 426 1350 1371
32768 716 716 108 824 77 902 424 1326 1347
32768 716 716 109 826 90 916 426 1343 1363
32768 714 714 109 823 76 899 425 1325 1345
32768 714 714 107 822 77 900 445 1345 1394
32768 715 715 111 827 77 904 425 1330 1352
32768 715 715 111 827 79 906 422 1329 1350
32768 716 716 109 826 76 903 428 1331 1349
32768 719 719 109 828 76 905 423 1328 1348
32768 726 726 111 837 79 917 435 1352 1372
65536 1421 1421 212 1633 210 1844 1179 3023 3056
65536 1418 1418 212 1630 181 1812 1142 2955 2984
65536 1428 1428 212 1640 177 1818 1116 2935 2963
65536 1436 1436 214 1651 188 1839 1145 2985 3013
65536 1433 1433 213 1646 171 1818 1137 2956 2984
65536 1431 1431 215 1647 180 1828 1157 2985 3015
65536 1419 1419 210 1630 178 1808 1155 2964 2994
65536 1422 1422 211 1633 179 1813 1155 2969 3000
65536 1423 1423 211 1635 173 1809 1158 2967 2997
65536 1428 1428 211 1639 178 1817 1151 2969 2999
65536 1439 1439 215 1654 199 1854 1151 3005 3038
65536 1440 1440 211 1651 176 1828 1139 2967 2996
65536 1441 1441 212 1654 174 1828 1140 2969 2999
65536 1421 1421 210 1632 177 1810 1169 2979 3009
65536 1421 1421 209 1631 174 1805 1151 2957 2987
65536 1423 1423 212 1636 178 1814 1149 2964 2995
65536 1426 1426 213 1640 179 1820 1130 2950 2982
65536 1431 1431 212 1643 173 1816 1146 2963 2992
65536 1435 1435 212 1647 175 1822 1138 2961 2991
65536 1425 1425 236 1662 173 1835 1137 2973 3004
65536 1423 1423 212 1636 187 1823 1150 2974 3006
65536 1423 1423 210 1633 172 1806 1136 2942 2975
65536 1418 1418 211 1630 189 1819 1162 2981 3010
65536 1431 1431 210 1642 176 1819 1128 2947 2976
65536 1432 1432 212 1645 178 1823 1133 2957 2989
65536 1432 1432 211 1644 182 1826 1140 2967 2998
65536 1426 1426 221 1647 180 1827 1143 2971 3000
65536 1419 1419 209 1629 183 1812 1161 2973 3004
65536 1417 1417 208 1626 179 1805 1149 2954 2987
65536 1427 1427 214 1642 172 1815 1140 2955 2983
65536 1422 1422 206 1629 180 1809 1118 2927 2955
65536 1436 1436 211 1648 177 1826 1115 2941 2969
131072 2849 2849 413 3263 543 3807 2602 6409 6447
131072 2897 2897 413 3310 560 3870 2619 6490 6530
131072 2835 2835 414 3250 576 3826 2589 6415 6455
131072 2842 2842 414 3257 545 3802 2608 6411 6448
131072 2848 2848 404 3253 494 3747 2585 6333 6371
131072 2826 2826 414 3240 562 3803 2612 6415 6453
131072 2826 2826 402 3229 531 3760 2581 6342 6382
131072 2852 2852 413 3266 535 3802 2604 6406 6444
131072 2856 2856 413 3270 563 3833 2629 6462 6502
131072 2830 2830 419 3249 579 3828 2609 6438 6479
131072 2842 2842 417 3259 533 3792 2621 6414 6454
131072 2842 2842 409 3251 574 3826 2622 6448 6488
131072 2845 2845 412 3258 559 3818 2594 6412 6453
131072 2824 2824 400 3225 525 3751 2602 6353 6393
131072 2840 2840 412 3253 565 3819 2634 6453 6491
131072 2846 2846 410 3256 554 3810 2627 6438 6475
131072 2821 2821 419 3240 540 3781 2574 6355 6394
131072 2837 2837 404 3241 524 3766 2594 6361 6399
131072 2826 2826 400 3226 526 3753 2579 6333 6371
131072 2856 2856 416 3272 536 3809 2594 6403 6442
131072 2846 2846 412 3258 584 3842 2609 6452 6489
131072 2855 2855 405 3260 520 3780 2614 6395 6433
131072 2841 2841 405 3247 537 3785 2603 6388 6425
131072 2826 2826 415 3242 531 3773 2598 6371 6405
131072 2830 2830 404 3235 512 3747 2573 6321 6358
131072 2839 2839 404 3243 520 3764 2591 6355 6394
131072 2842 2842 410 3253 529 3782 2587 6370 6406
131072 2844 2844 408 3253 515 3769 2609 6378 6416
131072 2853 2853 411 3264 524 3789 2588 6378 6415
131072 2851 2851 409 3260 564 3824 2656 6481 6520
131072 2832 2832 414 3246 531 3777 2609 6387 6424
131072 2840 2840 403 3244 530 3774 2621 6396 6433
262144 5654 5654 823 6477 1378 7855 5846 13701 13749
262144 5664 5664 809 6474 1432 7906 5859 13766 13817
262144 5659 5659 816 6475 1390 7866 5837 13703 13753
262144 5666 5666 827 6494 1401 7896 5871 13768 13818
262144 5653 5653 809 6462 1395 7858 5852 13710 13757
262144 5656 5656 807 6464 1322 7786 5748 13535 13583
262144 5699 5699 799 6499 1327 7826 5817 13643 13734
262144 5634 5634 802 6437 1299 7737 5754 13491 13541
262144 5712 5712 830 6542 1417 7960 5876 13836 13888
262144 5659 5659 815 6475 1340 7816 5747 13563 13611
262144 5660 5660 803 6463 1328 7792 5762 13555 13605
262144 5658 5658 804 6462 1323 7786 5736 13522 13573
262144 5657 5657 801 6458 1343 7802 5768 13570 13620
262144 5647 5647 801 6449 1239 7689 5723 13412 13460
262144 5703 5703 825 6528 1425 7954 5905 13860 13911
262144 5670 5670 812 6483 1333 7816 5748 13565 13611
262144 5643 5643 795 6439 1334 7773 5767 13541 13580
262144 5684 5684 791 6475 1270 7745 5738 13484 13529
262144 5659 5659 800 6460 1335 7795 5737 13533 13580
262144 5664 5664 801 6466 1308 7775 5690 13465 13513
262144 5673 5673 798 6471 1279 7751 5725 13477 13524
262144 5653 5653 789 6443 1271 7715 5718 13433 13480
262144 5651 5651 799 6451 1313 7764 5735 13499 13544
262144 5645 5645 789 6435 1290 7726 5730 13456 13503
262144 5663 5663 791 6454 1289 7744 5711 13456 13503
262144 5707 5707 804 6511 1287 7799 5767 13567 13615
262144 5656 5656 798 6455 1291 7746 5723 13469 13519
262144 5672 5672 797 6469 1273 7743 5770 13513 13559
262144 5648 5648 784 6433 1240 7673 5692 13366 13410
262144 5627 5627 803 6431 1260 7691 5692 13383 13431
262144 5643 5643 794 6438 1275 7713 5665 13379 13423
262144 5658 5658 805 6464 1284 7748 5736 13485 13530
524288 11288 11288 1655 12944 2999 15943 12851 28795 28863
524288 11308 11308 1651 12960 2955 15916 12830 28746 28818
524288 11299 11299 1631 12931 2999 15930 13049 28980 29048
524288 11314 11314 1591 12906 2778 15684 12639 28323 28386
524288 11275 11275 1585 12860 2760 15620 12567 28188 28250
524288 11302 11302 1588 12891 2765 15656 12566 28222 28288
524288 11295 11295 1576 12872 2703 15576 12786 28362 28421
524288 11279 11279 1569 12849 2669 15518 12562 28081 28143
524288 11291 11291 1585 12876 2668 15545 12595 28140 28200
524288 11267 11267 1644 12912 2872 15784 12697 28481 28541
524288 11279 11279 1576 12855 2784 15639 12717 28357 28417
524288 11262 11262 1568 12831 2696 15527 12648 28176 28242
524288 11299 11299 1575 12875 2584 15459 12541 28000 28063
524288 11267 11267 1557 12825 2578 15403 12609 28012 28073
524288 11243 11243 1564 12807 2550 15357 12498 27855 27912
524288 11401 11401 1654 13055 2750 15806 12652 28459 28520
524288 11255 11255 1560 12815 2546 15361 12679 28041 28100
524288 11280 11280 1555 12835 2571 15406 12613 28020 28080
524288 11249 11249 1539 12788 2478 15266 12413 27680 27740
524288 11284 11284 1556 12841 2511 15353 12632 27985 28043
524288 11247 11247 1553 12800 2511 15311 12535 27847 27902
524288 11265 11265 1541 12806 2530 15337 12847 28184 28244
524288 11269 11269 1553 12823 2458 15281 12660 27942 27999
524288 11259 11259 1539 12799 2540 15339 12632 27972 28031
524288 11237 11237 1550 12788 2485 15273 12701 27974 28053
524288 11207 11207 1547 12755 2441 15196 12649 27845 27899
524288 11269 11269 1532 12802 2462 15265 12730 27995 28050
524288 11312 11312 1533 12846 2500 15347 12653 28000 28061
524288 11243 11243 1531 12775 2449 15225 12662 27887 27945
524288 11262 11262 1528 12790 2496 15287 12770 28058 28113
524288 11224 11224 1530 12755 2449 15205 12606 27811 27868
524288 11265 11265 1533 12798 2431 15230 12592 27823 27880
1048576 22458 22458 3277 25735 5155 30891 27596 58487 58577
1048576 22521 22521 3177 25698 5233 30932 27733 58665 58754
1048576 22533 22533 3253 25787 5171 30959 27833 58792 58882
1048576 22492 22492 3117 25609 5062 30672 27845 58517 58601
1048576 22440 22440 3051 25492 4924 30417 27697 58114 58200
1048576 22487 22487 3034 25522 5048 30570 27651 58221 58304
1048576 22420 22420 3044 25464 4896 30361 27265 57626 57713
1048576 22484 22484 3048 25533 5158 30691 28017 58708 58794
1048576 22426 22426 3027 25454 4908 30363 27326 57689 57777
1048576 22481 22481 3046 25527 5020 30548 27682 58230 58316
1048576 22432 22432 3038 25471 4914 30385 27292 57677 57764
1048576 22480 22480 3044 25525 5023 30549 27714 58263 58347
1048576 22616 22616 3250 25867 4950 30817 27732 58550 58640
1048576 22509 22509 3059 25568 5024 30593 27689 58282 58366
1048576 22499 22499 3096 25595 4887 30483 27323 57806 57901
1048576 22487 22487 3046 25534 4989 30523 27790 58313 58398
1048576 22528 22528 3075 25604 4939 30544 27668 58213 58299
1048576 22497 22497 3038 25536 4995 30532 27603 58135 58221
1048576 22468 22468 3096 25564 4885 30449 27758 58208 58297
1048576 22515 22515 3050 25566 5001 30568 27457 58025 58107
1048576 22440 22440 3051 25492 4903 30396 27380 57776 57864
1048576 22460 22460 3044 25505 4975 30481 27593 58074 58155
1048576 22434 22434 3058 25493 4867 30361 27433 57795 57882
1048576 22472 22472 3046 25519 4989 30508 27476 57984 58067
1048576 22430 22430 3040 25471 4884 30356 27135 57491 57577
1048576 22475 22475 3037 25513 4964 30477 27384 57862 57944
1048576 22434 22434 3059 25494 4876 30371 27224 57595 57682
1048576 22534 22534 3030 25564 5010 30575 27024 57600 57680
1048576 22558 22558 3102 25661 4870 30531 27841 58373 58460
1048576 22494 22494 3046 25541 4995 30536 27524 58061 58146
1048576 22453 22453 3087 25540 4881 30421 27328 57750 57835
1048576 22474 22474 3042 25517 5032 30549 27621 58171 58251
2097152 44932 44932 6521 51454 10745 62200 61620 123821 123988
2097152 45065 45065 6358 51423 10664 62088 62669 124758 124910
2097152 45059 45059 6304 51364 11886 63250 63112 126362 126532
2097152 45043 45043 6216 51260 11879 63140 62290 125430 125579
2097152 45031 45031 6250 51282 11972 63254 63141 126395 126560
2097152 45095 45095 6189 51284 12325 63610 63352 126963 127115
2097152 45042 45042 6235 51278 11550 62829 62144 124973 125141
2097152 45091 45091 6208 51300 12515 63816 65048 128864 129015
2097152 45027 45027 6253 51281 11768 63049 63077 126127 126291
2097152 45077 45077 6199 51277 11677 62955 63140 126096 126250
2097152 45019 45019 6254 51273 11026 62299 62379 124679 124841
2097152 45122 45122 6211 51334 11190 62524 63429 125953 126106
2097152 45019 45019 6239 51258 11934 63192 62794 125987 126151
2097152 45074 45074 6202 51276 10856 62133 62591 124725 124876
2097152 45019 45019 6254 51273 12093 63367 64014 127382 127543
2097152 45081 45081 6204 51285 10459 61744 62791 124536 124684
2097152 45049 45049 6241 51291 10220 61511 61346 122858 123025
2097152 45090 45090 6199 51289 12677 63966 63745 127712 127861
2097152 45002 45002 6251 51254 11624 62878 62492 125370 125533
2097152 45091 45091 6205 51296 12441 63738 63041 126780 126930
2097152 45025 45025 6248 51274 11565 62839 62966 125806 125973
2097152 45116 45116 6199 51315 12523 63839 62090 125929 126086
2097152 45162 45162 6306 51469 11499 62969 62703 125672 125846
2097152 45145 45145 6229 51375 11689 63064 64021 127086 127236
2097152 45115 45115 6250 51365 10557 61923 61974 123898 124063
2097152 45074 45074 6213 51287 11229 62516 62025 124542 124693
2097152 45032 45032 6271 51304 11489 62794 62169 124963 125131
2097152 45155 45155 6205 51360 10162 61522 62605 124127 124283
2097152 45046 45046 6286 51333 11050 62383 63205 125589 125757
2097152 45122 45122 6216 51339 12265 63604 62871 126476 126626
2097152 45039 45039 6289 51329 10432 61761 61879 123640 123803
2097152 45135 45135 6217 51353 12312 63665 63855 127521 127690
4194304 90352 90352 13061 103414 22459 125873 140230 266103 266517
4194304 90777 90777 12685 103462 23096 126559 142698 269258 269619
4194304 90940 90940 13008 103948 22671 126619 139604 266224 266632
4194304 90754 90754 12783 103538 22978 126517 142525 269043 269386
4194304 90884 90884 13120 104004 22951 126956 141004 267961 268362
4194304 90882 90882 12722 103605 23353 126958 146183 273141 273501
4194304 90952 90952 13038 103991 22365 126357 139875 266233 266637
4194304 90799 90799 12746 103545 23049 126595 146070 272665 273100
4194304 90931 90931 13073 104005 22628 126633 139483 266117 266512
4194304 90835 90835 12814 103649 23149 126799 144748 271548 271918
4194304 90908 90908 13006 103914 22219 126134 139526 265660 266062
4194304 90794 90794 12773 103567 22264 125832 143460 269292 269643
4194304 90941 90941 13010 103952 22051 126004 140533 266537 266975
4194304 90819 90819 12774 103594 22595 126189 143067 269257 269666
4194304 90857 90857 13031 103889 22848 126737 139923 266661 267056
4194304 90849 90849 12818 103668 23136 126804 144784 271589 271953
4194304 90924 90924 13023 103948 22681 126630 139712 266343 266737
4194304 90837 90837 12750 103588 22353 125942 142351 268294 268640
4194304 90919 90919 13002 103922 22464 126386 139289 265676 266068
4194304 90868 90868 12748 103617 23355 126972 143356 270329 270698
4194304 90932 90932 13021 103954 22684 126638 140632 267271 267673
4194304 90905 90905 12753 103659 23131 126790 142030 268821 269188
4194304 90939 90939 12991 103930 22845 126776 139944 266720 267112
4194304 90800 90800 12771 103572 22495 126068 142838 268906 269267
4194304 90976 90976 13001 103978 22616 126594 140182 266777 267186
4194304 90874 90874 12776 103651 23172 126823 143024 269848 270192
4194304 90898 90898 13009 103907 22512 126420 142091 268511 268986
4194304 90875 90875 12681 103556 23241 126798 141888 268686 269035
4194304 90977 90977 13059 104036 22628 126665 139988 266653 267055
4194304 90855 90855 12792 103647 23024 126671 142494 269165 269514
4194304 90891 90891 13000 103892 22584 126476 139220 265697 266094
4194304 90848 90848 12775 103623 23206 126830 142822 269653 270027
8388608 181923 181923 26089 208012 60293 268305 354613 622918 623962
8388608 181640 181640 26052 207692 61440 269133 358688 627822 628695
8388608 182246 182246 26152 208398 60588 268986 358364 627351 628390
8388608 182221 182221 26197 208419 62108 270528 359188 629717 630722
8388608 181943 181943 25876 207819 61342 269162 357077 626240 627278
8388608 182449 182449 26180 208630 62675 271305 360029 631334 632343
8388608 181847 181847 26126 207973 61105 269079 354023 623103 624156
8388608 182438 182438 26114 208553 62970 271524 361325 632850 633853
8388608 181715 181715 26179 207894 62577 270472 355250 625722 626763
8388608 182457 182457 26167 208625 63931 272556 359363 631920 632917
8388608 181984 181984 26278 208263 62613 270877 354616 625493 626525
8388608 182436 182436 26200 208637 63037 271675 359297 630972 631985
8388608 181947 181947 26231 208179 62633 270812 355253 626065 627119
8388608 182446 182446 26286 208732 67337 276069 360939 637009 638016
8388608 182079 182079 26263 208342 62835 271177 356107 627285 628314
8388608 182474 182474 26388 208862 63907 272770 359883 632653 633668
8388608 181733 181733 26211 207944 63507 271452 355169 626621 627650
8388608 182512 182512 26301 208814 63140 271954 359249 631204 632176
8388608 182101 182101 25817 207919 62582 270501 355410 625912 626932
8388608 182569 182569 26011 208581 63075 271656 359926 631582 632563
8388608 182086 182086 25976 208063 61682 269746 353756 623502 624531
8388608 182511 182511 26021 208532 63624 272157 362813 634970 635981
8388608 182006 182006 25947 207953 62380 270334 356439 626774 627809
8388608 182492 182492 26103 208595 62742 271337 358631 629969 631011
8388608 182034 182034 26231 208266 62178 270445 354291 624737 625764
8388608 182537 182537 26137 208675 62303 270979 359057 630037 631015
8388608 182083 182083 25754 207838 62533 270371 354231 624602 625649
8388608 182614 182614 25962 208577 62867 271444 358902 630346 631344
8388608 182003 182003 25883 207887 61704 269591 353909 623501 624530
8388608 182507 182507 26214 208721 63918 272639 358555 631195 632198
8388608 182013 182013 25796 207810 62615 270425 353710 624136 625152
8388608 182555 182555 25933 208489 64835 273325 358914 632239 633211
16777216 363650 363650 51265 414916 180409 595326 850729 1446055 1448091
16777216 365561 365561 51770 417331 206653 623985 857368 1481354 1483438
16777216 363669 363669 51441 415111 203197 618308 853760 1472069 1474255
16777216 365186 365186 51463 416650 202978 619628 857532 1477161 1479190
16777216 364081 364081 51538 415620 202479 618099 846707 1464806 1466910
16777216 364855 364855 51992 416848 204818 621667 862105 1483772 1485860
16777216 364152 364152 51270 415423 202720 618143 847773 1465916 1467968
16777216 365117 365117 51702 416820 203787 620607 860002 1480609 1482619
16777216 363917 363917 51812 415730 202533 618263 847517 1465781 1467917
16777216 364969 364969 51413 416383 203898 620281 856341 1476623 1478628
16777216 363824 363824 51539 415364 202318 617682 848749 1466432 1468530
16777216 364867 364867 51966 416833 204485 621319 858889 1480208 1482275
16777216 364075 364075 51283 415358 202757 618116 841759 1459875 1461959
16777216 365041 365041 51637 416679 204280 620960 860173 1481133 1483219
16777216 363883 363883 51853 415736 202964 618700 854491 1473192 1475333
16777216 364857 364857 51376 416234 204117 620351 859469 1479820 1481815
16777216 364068 364068 51546 415614 202610 618225 846031 1464257 1466344
16777216 364919 364919 51913 416832 203524 620357 863829 1484186 1486252
16777216 364090 364090 51386 415476 201629 617106 845636 1462742 1464796
16777216 365193 365193 51658 416851 203619 620471 861868 1482339 1484366
16777216 364680 364680 51277 415958 185175 601133 850600 1451733 1453787
16777216 363913 363913 51626 415539 204543 620083 851227 1471310 1473401
16777216 365325 365325 51383 416709 204124 620834 862074 1482908 1484940
16777216 364000 364000 51771 415771 202759 618530 846433 1464964 1467107
16777216 364851 364851 51653 416505 204526 621031 857447 1478478 1480509
16777216 364416 364416 51317 415733 202412 618146 850928 1469075 1471131
16777216 364712 364712 52019 416732 205829 622561 856866 1479427 1481487
16777216 363826 363826 51496 415322 202797 618120 850997 1469117 1471223
16777216 365076 365076 51437 416513 205314 621828 857646 1479475 1481447
16777216 363999 363999 51761 415761 202121 617883 848505 1466388 1468456
16777216 364896 364896 51661 416557 204323 620881 866768 1487649 1489685
16777216 364136 364136 51241 415377 202767 618145 848067 1466213 1468247
33554432 728405 728405 102461 830866 430719 1261585 1944422 3206008 3209737
33554432 727900 727900 102107 830008 438678 1268686 1907113 3175800 3179908
33554432 729514 729514 102524 832039 441067 1273107 1943103 3216210 3220025
33554432 727843 727843 102272 830116 436895 1267011 1911939 3178950 3182913
33554432 729752 729752 102720 832472 439809 1272282 1935840 3208122 3211993
33554432 727607 727607 102319 829927 435860 1265788 1905816 3171605 3175535
33554432 729653 729653 102653 832306 439043 1271350 1958180 3229531 3233306
33554432 727745 727745 102296 830041 435229 1265271 1905804 3171075 3175044
33554432 729477 729477 102429 831906 443039 1274946 1932972 3207918 3211792
33554432 727617 727617 102314 829931 433624 1263556 1910673 3174229 3178172
33554432 729423 729423 102080 831504 448299 1279803 1944613 3224416 3228175
33554432 727778 727778 102414 830192 437175 1267368 1900790 3168158 3172107
33554432 729787 729787 102551 832338 439920 1272259 1932918 3205177 3209027
33554432 727766 727766 102557 830324 437801 1268125 1908376 3176501 3180497
33554432 729609 729609 102489 832098 437861 1269960 1927899 3197859 3201680
33554432 727789 727789 102486 830275 434214 1264489 1915918 3180407 3184305
33554432 729113 729113 102858 831971 437807 1269778 1955634 3225413 3229262
33554432 727672 727672 102526 830198 436689 1266887 1916526 3183414 3187395
33554432 729462 729462 102847 832309 439172 1271482 1942626 3214108 3217972
33554432 727287 727287 102554 829841 434607 1264448 1924463 3188912 3192968
33554432 729710 729710 102198 831909 440068 1271977 1947953 3219931 3223771
33554432 727976 727976 102145 830122 436664 1266787 1899674 3166461 3170470
33554432 729305 729305 102593 831899 438785 1270684 1926592 3197277 3201087
33554432 729502 729502 102520 832022 429129 1261152 1940285 3201437 3205262
33554432 727753 727753 102271 830025 440219 1270244 1904311 3174555 3178514
33554432 729693 729693 102619 832313 439894 1272207 1935446 3207654 3211484
33554432 727962 727962 102245 830208 434325 1264533 1902269 3166803 3170734
33554432 729670 729670 102581 832252 440625 1272877 1931802 3204680 3208530
33554432 727899 727899 102320 830220 436753 1266974 1926233 3193207 3197296
33554432 727478 727478 102232 829711 429405 1259116 1923509 3182625 3186609
33554432 729713 729713 101373 831087 451329 1282417 1921858 3204275 3208397
33554432 730034 730034 102624 832658 444522 1277180 1926718 3203899 3207819
