8 32
8 32
8 32
8 32
16 64
16 64
16 64
16 64
32 128
32 128
32 128
32 127
64 288
64 288
64 288
64 287
128 671
128 671
128 671
128 671
256 1503
256 1503
256 1503
256 1504
512 3327
512 3327
512 3327
512 3327
1024 7359
1024 7359
1024 7360
1024 7328
2048 15967
2048 15968
2048 15936
2048 15967
4096 36414
4096 36414
4096 36446
4096 36383
8192 88445
8192 88541
8192 88349
8192 88509
16384 187769
16384 187769
16384 187642
16384 187769
32768 546158
32768 543149
32768 550029
32768 547438
65536 1.33445e+06
65536 1.33355e+06
65536 1.32472e+06
65536 1.34581e+06
131072 3.07736e+06
131072 3.09093e+06
131072 3.06495e+06
131072 3.07906e+06
262144 6.83775e+06
262144 6.84181e+06
262144 6.85877e+06
262144 6.82719e+06
524288 1.50628e+07
524288 1.49535e+07
524288 1.49365e+07
524288 1.49302e+07
1048576 3.31541e+07
1048576 3.29272e+07
1048576 3.29096e+07
1048576 3.29581e+07
2097152 7.31964e+07
2097152 7.36503e+07
2097152 7.27481e+07
2097152 7.36623e+07
