8 64
8 64
8 64
8 64
16 128
16 128
16 96
16 112
32 224
32 224
32 224
32 240
64 512
64 512
64 512
64 512
128 1088
128 1088
128 1088
128 1088
256 2400
256 2400
256 2400
256 2400
512 5280
512 5279.5
512 5280
512 5280
1024 11551
1024 11520
1024 11520
1024 11520
2048 24831
2048 24831
2048 24831
2048 24831
4096 54462
4096 54430.5
4096 54446
4096 54398
8192 120124
8192 119996
8192 119996
8192 120012
16384 268871
16384 268983
16384 268822
16384 268726
32768 585308
32768 594859
32768 585388
32768 579372
65536 1.33648e+06
65536 1.32791e+06
65536 1.32133e+06
65536 1.32805e+06
131072 2.8987e+06
131072 2.89953e+06
131072 2.91028e+06
131072 2.90899e+06
262144 6.20994e+06
262144 6.23953e+06
262144 6.18561e+06
262144 6.19727e+06
524288 1.36461e+07
524288 1.36275e+07
524288 1.3307e+07
524288 1.35384e+07
1048576 3.00723e+07
1048576 2.95783e+07
1048576 2.89733e+07
1048576 2.90258e+07
2097152 6.55367e+07
2097152 6.54693e+07
2097152 6.42976e+07
2097152 6.4908e+07
