8 5 5 8 14 0 15 0 15 16
8 3 3 5 9 0 9 0 9 10
8 4 4 5 9 0 10 0 10 10
8 3 3 4 8 0 8 0 8 9
8 4 4 4 9 0 9 0 9 10
8 4 4 4 8 0 9 0 9 9
8 3 3 5 9 0 10 0 10 10
8 3 3 4 8 0 9 0 9 9
8 4 4 5 9 0 10 0 10 10
8 4 4 5 9 0 9 0 9 10
8 3 3 5 9 0 9 0 9 10
8 3 3 5 9 0 9 0 9 10
8 3 3 4 8 0 8 0 9 9
8 3 3 5 9 0 9 0 9 10
8 4 4 4 8 0 9 0 9 9
8 3 3 5 8 0 9 0 9 9
8 3 3 4 8 0 8 0 8 9
8 3 3 5 8 0 9 0 9 10
8 3 3 4 7 0 8 0 8 9
8 3 3 4 8 0 8 0 9 9
8 3 3 4 8 0 9 0 9 9
8 3 3 5 9 0 9 0 9 10
8 3 3 5 9 0 9 0 9 10
8 3 3 5 8 0 9 0 9 9
8 3 3 5 9 0 9 0 9 10
8 3 3 4 8 0 8 0 9 9
8 3 3 6 10 0 10 0 10 11
8 3 3 5 9 0 9 0 10 10
8 3 3 4 8 0 9 0 9 9
8 3 3 5 9 0 10 0 10 11
8 4 4 4 8 0 8 0 8 9
8 4 4 4 8 0 8 0 9 9
16 4 4 4 9 0 9 0 9 10
16 4 4 5 9 0 10 0 10 11
16 4 4 4 9 0 9 0 9 10
16 4 4 4 8 0 9 0 9 10
16 4 4 5 9 0 10 0 10 11
16 4 4 4 9 0 9 0 9 10
16 4 4 5 9 0 10 0 10 10
16 3 3 4 7 0 8 0 8 9
16 4 4 4 8 0 9 0 9 9
16 4 4 4 9 0 9 0 9 10
16 4 4 5 10 0 10 0 10 11
16 4 4 5 9 0 10 0 10 11
16 4 4 4 9 0 9 0 9 10
16 4 4 4 9 0 9 0 9 10
16 4 4 5 9 0 10 0 10 11
16 3 3 5 9 0 9 0 9 10
16 4 4 4 8 0 8 0 9 9
16 4 4 4 9 0 9 0 9 10
16 4 4 5 9 0 10 0 10 11
16 4 4 5 9 0 10 0 10 11
16 4 4 4 9 0 9 0 9 10
16 4 4 4 9 0 10 0 10 10
16 4 4 5 9 0 10 0 10 11
16 4 4 5 9 0 10 0 10 10
16 4 4 5 10 0 11 0 11 11
16 4 4 4 8 0 9 0 9 9
16 4 4 4 8 0 9 0 9 9
16 4 4 4 8 0 9 0 9 9
16 4 4 5 9 0 10 0 10 10
16 4 4 5 9 0 9 0 9 10
16 4 4 5 9 0 10 0 10 10
16 4 4 5 10 0 10 0 10 11
32 5 5 6 12 0 12 0 13 13
32 4 4 4 8 0 9 0 9 10
32 4 4 4 8 0 8 0 9 9
32 5 5 4 9 0 10 0 10 11
32 5 5 4 9 0 10 0 10 10
32 4 4 5 10 0 10 0 10 11
32 4 4 5 9 0 10 0 10 10
32 4 4 4 9 0 9 0 9 10
32 4 4 4 8 0 9 0 9 9
32 4 4 4 9 0 9 0 10 10
32 4 4 4 9 0 9 0 9 10
32 4 4 4 9 0 9 0 10 10
32 4 4 4 8 0 9 0 9 10
32 4 4 4 9 0 9 0 10 10
32 4 4 4 8 0 9 0 9 9
32 4 4 4 8 0 9 0 9 10
32 4 4 4 9 0 9 0 10 10
32 4 4 4 9 0 9 0 10 10
32 4 4 4 9 0 9 0 9 10
32 5 5 4 9 0 10 0 10 11
32 4 4 4 9 0 9 0 9 10
32 4 4 4 9 0 9 0 10 10
32 4 4 5 9 0 10 0 10 10
32 4 4 4 9 0 9 0 9 10
32 4 4 4 8 0 9 0 9 9
32 4 4 4 9 0 9 0 9 10
32 3 3 4 8 0 9 0 9 9
32 4 4 4 8 0 9 0 9 10
32 4 4 4 9 0 9 0 10 10
32 4 4 4 9 0 9 0 9 10
32 4 4 4 9 0 10 0 10 10
32 5 5 4 10 0 10 0 10 11
64 5 5 4 10 0 11 0 11 12
64 6 6 4 10 0 11 0 11 12
64 6 6 4 10 0 11 0 11 12
64 5 5 4 10 0 11 0 11 11
64 6 6 4 10 0 11 0 11 11
64 5 5 5 10 0 11 0 11 11
64 5 5 4 10 0 10 0 11 11
64 5 5 4 10 0 10 0 11 11
64 5 5 4 10 0 10 0 11 11
64 5 5 4 10 0 10 0 11 11
64 5 5 4 10 0 11 0 11 12
64 5 5 4 10 0 10 0 11 11
64 5 5 4 10 0 10 0 11 11
64 5 5 4 10 0 10 0 11 11
64 5 5 4 9 0 10 0 10 11
64 5 5 4 9 0 10 0 10 11
64 6 6 4 10 0 11 0 11 12
64 5 5 4 9 0 10 0 10 11
64 5 5 4 9 0 10 0 10 11
64 5 5 4 10 0 10 0 11 11
64 6 6 4 10 0 10 0 11 11
64 5 5 4 10 0 10 0 10 11
64 5 5 4 10 0 10 0 11 11
64 5 5 4 10 0 10 0 11 11
64 5 5 4 10 0 10 0 11 11
64 5 5 4 10 0 10 0 11 11
64 5 5 4 9 0 9 0 10 10
64 5 5 4 10 0 11 0 11 12
64 5 5 4 9 0 10 0 10 11
64 5 5 4 9 0 10 0 11 11
64 5 5 4 9 0 10 0 10 11
64 5 5 4 10 0 10 0 11 11
128 7 7 5 12 0 13 0 14 14
128 7 7 5 12 0 13 0 13 14
128 7 7 4 11 0 11 0 12 13
128 7 7 5 12 0 13 0 14 14
128 8 8 5 13 0 14 0 15 15
128 7 7 4 11 0 12 0 13 13
128 7 7 5 12 0 13 0 14 14
128 7 7 5 13 0 13 0 14 14
128 7 7 5 12 0 13 0 13 14
128 7 7 4 12 0 12 0 13 14
128 7 7 4 12 0 13 0 14 14
128 7 7 4 11 0 12 0 13 13
128 7 7 4 12 0 13 0 13 14
128 7 7 5 13 0 13 0 14 15
128 7 7 5 13 0 13 0 14 15
128 7 7 4 12 0 12 0 13 14
128 7 7 5 13 0 13 0 14 15
128 7 7 5 13 0 13 0 14 15
128 7 7 5 13 0 13 0 14 15
128 7 7 5 13 0 14 0 14 15
128 7 7 5 13 0 13 0 14 15
128 8 8 4 12 0 13 0 14 14
128 7 7 4 12 0 12 0 13 13
128 7 7 5 12 0 13 0 14 14
128 7 7 6 13 0 14 0 15 15
128 7 7 5 13 0 14 0 15 15
128 7 7 5 12 0 13 0 13 14
128 7 7 4 12 0 12 0 13 13
128 7 7 4 11 0 12 0 13 13
128 7 7 4 12 0 12 0 13 13
128 7 7 4 11 0 12 0 13 13
128 7 7 5 12 0 12 0 13 13
256 11 11 5 16 0 17 1 18 19
256 10 10 5 16 0 17 1 18 19
256 10 10 5 16 0 17 1 18 19
256 10 10 5 15 0 16 1 18 18
256 10 10 5 16 0 16 1 18 18
256 10 10 5 15 0 16 1 17 18
256 10 10 4 15 0 15 1 17 17
256 10 10 5 15 0 16 1 17 17
256 10 10 5 15 0 16 1 17 18
256 10 10 4 15 0 16 1 17 17
256 10 10 5 15 0 16 1 18 18
256 10 10 5 15 0 16 1 18 18
256 10 10 4 14 0 15 1 17 17
256 10 10 5 15 0 16 1 17 18
256 10 10 6 17 0 17 1 19 19
256 10 10 5 15 0 15 1 17 17
256 11 11 5 16 0 17 1 18 19
256 10 10 5 15 0 16 1 17 18
256 10 10 5 16 0 16 1 18 18
256 10 10 4 15 0 16 1 17 17
256 10 10 5 16 0 16 1 18 18
256 10 10 5 16 0 16 1 18 18
256 10 10 6 16 0 17 1 19 19
256 10 10 5 15 0 15 1 17 17
256 10 10 4 14 0 15 1 16 17
256 10 10 5 16 0 16 1 18 18
256 9 9 5 14 0 15 1 16 17
256 10 10 4 15 0 15 1 17 17
256 10 10 5 15 0 16 1 17 18
256 10 10 5 16 0 16 1 18 18
256 10 10 4 15 0 16 1 17 18
256 10 10 5 15 0 16 1 17 18
512 16 16 5 22 0 23 2 25 26
512 15 15 5 21 0 22 2 25 25
512 15 15 6 21 0 22 2 25 26
512 15 15 5 21 0 22 2 24 25
512 16 16 6 22 0 23 2 26 26
512 16 16 5 22 0 22 2 25 26
512 15 15 6 21 0 22 2 25 25
512 15 15 6 22 0 23 2 26 26
512 15 15 6 21 0 22 2 25 25
512 16 16 5 21 0 22 2 25 25
512 16 16 7 23 0 24 2 27 27
512 16 16 5 22 0 23 2 26 26
512 15 15 5 21 0 21 2 24 25
512 15 15 6 22 0 23 2 25 26
512 16 16 6 22 0 23 2 26 26
512 15 15 7 22 0 23 2 26 26
512 16 16 5 22 0 22 2 25 26
512 15 15 6 22 0 23 2 25 26
512 16 16 6 22 0 23 2 26 26
512 14 14 6 21 0 22 2 24 25
512 15 15 5 21 0 22 2 24 25
512 15 15 6 22 0 23 2 26 26
512 15 15 6 22 0 22 2 25 26
512 16 16 6 22 0 23 2 26 26
512 15 15 6 21 0 22 2 25 25
512 16 16 5 21 0 22 2 25 26
512 15 15 5 21 0 21 2 24 25
512 15 15 6 21 0 22 2 25 25
512 15 15 5 21 0 22 2 25 25
512 15 15 6 21 0 22 2 25 25
512 15 15 5 21 0 22 2 25 25
512 16 16 6 22 0 23 2 26 26
1024 26 26 7 33 1 35 5 40 41
1024 26 26 7 33 1 34 5 40 41
1024 25 25 7 33 1 34 5 40 40
1024 26 26 7 34 1 35 5 41 42
1024 26 26 7 33 1 35 5 40 41
1024 26 26 7 34 1 35 5 41 42
1024 26 26 7 33 1 35 5 40 41
1024 26 26 7 33 1 34 5 40 41
1024 26 26 6 33 1 35 5 40 41
1024 26 26 7 33 1 35 5 40 41
1024 26 26 7 34 1 35 5 41 42
1024 26 26 8 34 1 35 5 41 41
1024 26 26 7 33 1 34 5 40 40
1024 26 26 7 34 1 35 5 41 41
1024 26 26 7 34 1 35 5 41 42
1024 26 26 7 34 1 35 5 41 41
1024 26 26 8 34 1 36 5 42 42
1024 26 26 7 33 1 34 5 40 41
1024 26 26 8 35 1 36 5 42 43
1024 25 25 7 33 1 34 5 40 40
1024 26 26 6 33 1 34 5 40 41
1024 25 25 6 32 1 33 5 39 39
1024 26 26 7 33 1 35 5 40 41
1024 26 26 7 33 1 35 5 41 41
1024 26 26 8 34 1 35 5 41 42
1024 26 26 7 33 1 35 5 40 41
1024 26 26 7 34 1 35 5 41 42
1024 26 26 7 33 1 34 5 40 40
1024 26 26 7 33 1 34 5 40 41
1024 25 25 7 32 1 33 5 39 39
1024 26 26 7 33 1 35 5 40 41
1024 26 26 8 34 1 35 5 41 42
2048 48 48 14 62 2 65 12 77 78
2048 47 47 12 60 2 63 12 75 76
2048 47 47 11 58 2 60 12 73 73
2048 46 46 11 57 1 59 12 72 72
2048 47 47 11 58 1 60 12 73 73
2048 47 47 12 59 1 61 12 74 74
2048 46 46 11 58 1 60 12 73 73
2048 48 48 12 60 2 63 12 75 76
2048 47 47 12 59 2 61 12 74 74
2048 48 48 12 60 2 63 12 75 76
2048 47 47 12 59 2 61 12 74 74
2048 47 47 13 60 2 62 12 75 75
2048 46 46 13 59 2 61 12 74 74
2048 47 47 11 59 2 61 12 73 74
2048 47 47 12 59 2 61 12 74 74
2048 47 47 12 60 2 62 12 75 75
2048 47 47 12 60 2 62 12 74 75
2048 48 48 12 60 2 62 12 75 76
2048 47 47 12 59 2 61 12 74 74
2048 47 47 11 59 2 62 12 74 75
2048 48 48 12 60 2 63 12 75 76
2048 47 47 12 60 2 62 12 75 76
2048 47 47 13 60 2 62 12 75 75
2048 47 47 12 59 2 62 12 74 75
2048 47 47 13 60 2 63 12 75 76
2048 48 48 12 60 2 62 12 74 75
2048 48 48 12 61 2 63 12 76 76
2048 46 46 12 58 2 61 12 73 74
2048 48 48 12 60 2 62 12 74 75
2048 48 48 12 61 2 63 12 75 76
2048 56 56 12 68 2 71 12 83 83
2048 48 48 12 60 2 62 12 75 75
4096 92 92 16 108 4 112 27 140 140
4096 92 92 16 109 4 113 27 140 141
4096 93 93 17 110 4 115 27 142 143
4096 92 92 16 109 4 113 27 141 141
4096 93 93 16 109 4 113 27 140 141
4096 142 142 16 159 4 163 27 191 191
4096 92 92 16 109 4 113 27 141 141
4096 92 92 16 109 4 113 27 141 141
4096 91 91 16 108 4 112 28 140 141
4096 92 92 16 108 4 112 27 140 140
4096 92 92 16 108 4 113 27 140 141
4096 91 91 16 108 4 113 27 140 140
4096 92 92 16 108 4 112 27 140 141
4096 91 91 16 108 4 112 27 140 141
4096 91 91 16 107 4 112 28 140 140
4096 92 92 16 109 4 113 27 141 141
4096 90 90 16 107 4 111 27 139 139
4096 91 91 16 108 4 112 27 140 140
4096 91 91 16 107 4 112 28 140 140
4096 97 97 16 114 4 118 27 145 146
4096 92 92 16 108 4 113 27 140 141
4096 92 92 16 109 4 113 27 141 141
4096 92 92 16 108 4 112 27 140 141
4096 92 92 16 108 4 113 27 141 141
4096 93 93 16 109 4 113 27 141 142
4096 91 91 17 108 4 112 27 140 141
4096 91 91 16 107 4 111 27 139 139
4096 91 91 16 107 4 112 27 139 139
4096 91 91 16 107 4 111 27 139 139
4096 91 91 16 108 4 112 27 140 140
4096 92 92 17 109 4 113 27 141 141
4096 91 91 15 106 4 111 28 139 140
8192 179 179 31 211 8 219 65 285 286
8192 179 179 30 210 8 219 65 284 285
8192 179 179 32 211 8 220 65 285 286
8192 179 179 31 210 8 219 65 284 285
8192 181 181 30 212 8 221 65 286 286
8192 176 176 31 208 8 217 64 281 282
8192 177 177 32 209 8 218 70 289 289
8192 178 178 30 209 9 218 64 282 283
8192 179 179 30 210 8 219 65 284 285
8192 179 179 30 209 8 218 64 283 283
8192 179 179 30 210 8 219 64 284 284
8192 179 179 31 210 8 219 65 284 285
8192 191 191 32 223 8 232 65 297 298
8192 180 180 30 211 8 219 65 284 285
8192 178 178 30 208 8 217 65 282 283
8192 178 178 30 209 8 217 64 282 283
8192 179 179 32 211 8 220 65 285 285
8192 179 179 32 212 8 221 65 286 286
8192 179 179 32 211 9 220 64 285 286
8192 178 178 30 209 8 217 65 282 283
8192 179 179 30 210 8 218 64 283 284
8192 179 179 30 210 8 218 65 284 284
8192 180 180 32 212 8 221 65 286 287
8192 179 179 30 210 9 219 76 296 297
8192 178 178 30 209 8 217 65 282 283
8192 178 178 32 210 8 219 65 284 285
8192 178 178 31 210 8 219 65 284 285
8192 178 178 31 209 8 218 64 283 283
8192 178 178 30 209 8 218 64 283 283
8192 189 189 32 221 8 230 65 295 296
8192 178 178 30 209 8 218 64 283 283
8192 180 180 32 212 8 221 64 286 287
16384 356 356 53 410 20 431 157 588 600
16384 358 358 53 412 20 432 161 594 604
16384 356 356 54 411 19 431 162 593 603
16384 357 357 54 411 19 431 163 594 603
16384 357 357 53 411 19 431 161 593 602
16384 357 357 55 413 21 434 163 598 608
16384 360 360 54 415 19 435 163 598 609
16384 357 357 55 413 19 433 162 595 605
16384 360 360 55 416 20 436 162 599 609
16384 355 355 54 409 20 429 161 591 600
16384 358 358 53 412 19 432 156 588 598
16384 356 356 53 410 20 430 162 592 602
16384 356 356 54 410 20 430 162 593 602
16384 356 356 54 410 20 430 161 592 602
16384 359 359 55 414 20 435 162 597 608
16384 358 358 54 413 22 436 165 601 611
16384 359 359 54 414 21 436 163 599 609
16384 359 359 54 413 19 433 163 596 606
16384 360 360 55 415 20 436 162 599 609
16384 359 359 55 414 20 434 162 596 606
16384 360 360 55 415 21 437 158 596 606
16384 362 362 54 417 20 437 175 613 624
16384 358 358 54 413 21 435 162 598 609
16384 358 358 54 413 20 433 162 596 605
16384 358 358 56 414 24 438 164 603 613
16384 370 370 54 424 20 445 162 608 619
16384 359 359 55 414 20 435 162 598 608
16384 360 360 53 414 20 434 162 597 606
16384 360 360 55 415 19 435 163 599 608
16384 367 367 54 422 20 443 163 606 616
16384 353 353 55 408 19 428 161 589 598
16384 360 360 55 416 20 436 163 599 609
32768 710 710 113 823 49 873 440 1313 1332
32768 705 705 112 817 49 867 362 1229 1246
32768 706 706 111 817 55 873 371 1244 1262
32768 721 721 115 837 55 892 363 1255 1274
32768 707 707 112 820 50 870 359 1230 1248
32768 707 707 124 832 55 888 360 1248 1267
32768 708 708 113 821 51 873 368 1241 1258
32768 712 712 111 824 49 873 359 1233 1251
32768 707 707 113 820 51 871 361 1232 1251
32768 708 708 113 821 53 875 360 1235 1254
32768 716 716 114 831 51 883 357 1240 1260
32768 704 704 112 817 48 866 368 1234 1253
32768 708 708 113 821 48 870 380 1250 1268
32768 708 708 112 821 50 871 359 1230 1248
32768 709 709 110 819 55 875 375 1250 1267
32768 708 708 115 823 52 876 357 1234 1252
32768 705 705 114 820 48 868 363 1232 1250
32768 721 721 116 838 52 890 364 1254 1273
32768 704 704 111 816 50 866 362 1228 1245
32768 704 704 110 815 58 873 389 1263 1281
32768 702 702 110 812 49 862 360 1222 1240
32768 705 705 111 817 49 866 358 1225 1245
32768 712 712 114 826 55 882 364 1246 1262
32768 704 704 114 818 50 869 357 1227 1245
32768 708 708 124 833 58 892 361 1253 1271
32768 704 704 113 817 49 866 358 1225 1243
32768 706 706 112 818 48 866 361 1228 1244
32768 707 707 113 820 51 871 366 1237 1255
32768 704 704 111 816 50 866 363 1229 1247
32768 717 717 114 832 52 885 360 1245 1264
32768 707 707 112 819 49 868 359 1228 1245
32768 705 705 110 815 50 866 387 1253 1271
65536 1406 1406 210 1616 181 1797 912 2710 2734
65536 1427 1427 216 1643 156 1800 908 2708 2730
65536 1449 1449 216 1665 172 1838 921 2759 2787
65536 1407 1407 215 1623 178 1801 895 2696 2723
65536 1411 1411 213 1624 156 1781 931 2713 2739
65536 1400 1400 212 1613 160 1774 885 2660 2683
65536 1416 1416 212 1628 161 1790 917 2707 2732
65536 1410 1410 212 1623 149 1772 883 2655 2677
65536 1404 1404 214 1619 156 1776 949 2725 2750
65536 1407 1407 216 1624 164 1788 914 2703 2726
65536 1415 1415 215 1631 172 1803 895 2698 2723
65536 1445 1445 215 1661 168 1829 905 2735 2762
65536 1419 1419 214 1634 164 1798 897 2695 2723
65536 1400 1400 216 1617 164 1781 914 2696 2721
65536 1402 1402 211 1614 146 1760 886 2646 2668
65536 1413 1413 213 1626 148 1775 874 2650 2674
65536 1411 1411 210 1622 152 1774 900 2674 2698
65536 1412 1412 225 1638 167 1805 894 2700 2723
65536 1404 1404 214 1619 142 1761 917 2679 2706
65536 1402 1402 212 1614 151 1766 898 2665 2692
65536 1419 1419 213 1633 174 1808 913 2721 2743
65536 1414 1414 211 1626 156 1782 872 2655 2677
65536 1405 1405 215 1621 148 1770 928 2698 2723
65536 1400 1400 212 1612 149 1761 896 2658 2681
65536 1414 1414 215 1630 182 1813 937 2750 2777
65536 1412 1412 211 1624 165 1790 926 2717 2738
65536 1420 1420 213 1633 171 1805 881 2686 2711
65536 1410 1410 213 1624 156 1780 907 2687 2711
65536 1407 1407 213 1620 151 1771 902 2673 2698
65536 1402 1402 212 1614 163 1778 921 2700 2723
65536 1409 1409 210 1619 162 1782 917 2700 2722
65536 1410 1410 231 1642 169 1811 904 2716 2741
131072 2820 2820 426 3247 453 3701 2050 5751 5781
131072 2803 2803 423 3227 454 3682 2094 5776 5807
131072 2819 2819 424 3243 464 3708 2118 5826 5857
131072 2799 2799 424 3224 483 3708 2109 5817 5847
131072 2858 2858 432 3291 453 3744 2099 5844 5878
131072 2814 2814 438 3253 451 3705 2136 5841 5872
131072 2821 2821 426 3248 446 3695 2104 5799 5831
131072 2827 2827 428 3255 474 3730 2132 5862 5892
131072 2804 2804 424 3229 442 3671 2110 5782 5814
131072 2813 2813 422 3236 438 3675 2111 5786 5817
131072 2809 2809 423 3232 437 3669 2121 5791 5822
131072 2822 2822 441 3264 464 3729 2148 5877 5907
131072 2836 2836 437 3273 465 3739 2156 5895 5924
131072 2823 2823 434 3258 456 3714 2125 5840 5871
131072 2817 2817 430 3248 472 3720 2129 5850 5880
131072 2819 2819 420 3239 418 3658 2142 5800 5834
131072 2818 2818 426 3244 489 3734 2119 5853 5887
131072 2798 2798 416 3215 431 3646 2133 5780 5810
131072 2815 2815 422 3238 439 3677 2102 5780 5810
131072 2804 2804 439 3243 461 3705 2077 5783 5813
131072 2801 2801 418 3220 426 3647 2124 5772 5803
131072 2827 2827 424 3252 432 3684 2121 5806 5837
131072 2823 2823 421 3245 434 3679 2174 5853 5886
131072 2804 2804 425 3230 429 3660 2138 5798 5827
131072 2815 2815 425 3241 441 3683 2105 5789 5818
131072 2828 2828 425 3254 418 3672 2132 5804 5835
131072 2799 2799 428 3228 430 3659 2075 5734 5765
131072 2815 2815 424 3240 416 3656 2137 5794 5826
131072 2827 2827 425 3252 427 3680 2187 5867 5898
131072 2803 2803 419 3223 412 3635 2143 5779 5810
131072 2816 2816 424 3240 436 3677 2125 5803 5834
131072 2794 2794 421 3215 411 3627 2133 5761 5792
262144 5605 5605 877 6482 1031 7514 4599 12113 12158
262144 5630 5630 877 6508 1108 7616 4658 12275 12322
262144 5622 5622 880 6503 1108 7612 4639 12252 12295
262144 5589 5589 874 6463 1112 7575 4571 12147 12189
262144 5591 5591 855 6446 989 7436 4515 11952 11993
262144 5659 5659 897 6556 1074 7631 4651 12282 12327
262144 5633 5633 890 6524 1058 7582 4623 12206 12251
262144 5651 5651 855 6506 976 7482 4576 12059 12101
262144 5628 5628 863 6491 1078 7570 4543 12113 12157
262144 5598 5598 855 6453 991 7445 4502 11948 11992
262144 5621 5621 859 6480 978 7459 4545 12005 12049
262144 5624 5624 860 6484 981 7466 4517 11984 12025
262144 5636 5636 868 6504 952 7456 4642 12099 12143
262144 5621 5621 875 6497 937 7434 4650 12085 12129
262144 5599 5599 850 6449 966 7415 4544 11960 12002
262144 5653 5653 876 6529 1062 7592 4556 12149 12192
262144 5648 5648 867 6515 995 7510 4591 12102 12146
262144 5582 5582 845 6428 905 7334 4625 11959 12003
262144 5583 5583 851 6434 976 7411 4611 12022 12066
262144 5625 5625 856 6482 922 7405 4777 12182 12225
262144 5579 5579 852 6431 905 7337 4711 12048 12087
262144 5636 5636 852 6488 938 7427 4670 12097 12139
262144 5668 5668 847 6515 966 7481 4533 12015 12059
262144 5629 5629 854 6483 963 7446 4567 12013 12053
262144 5600 5600 842 6442 885 7328 4722 12051 12092
262144 5614 5614 852 6466 982 7449 4655 12104 12147
262144 5573 5573 835 6408 880 7289 4749 12038 12079
262144 5610 5610 857 6468 917 7386 4640 12026 12071
262144 5603 5603 848 6451 893 7345 4719 12064 12108
262144 5649 5649 853 6503 912 7416 4772 12189 12230
262144 5616 5616 850 6466 936 7402 4688 12090 12131
262144 5631 5631 841 6473 879 7353 4699 12052 12096
524288 11160 11160 1843 13004 2258 15262 10040 25302 25384
524288 11282 11282 1838 13121 2280 15401 10090 25492 25565
524288 11228 11228 1829 13058 2274 15332 10125 25458 25523
524288 11178 11178 1787 12965 2281 15246 9970 25216 25283
524288 11189 11189 1690 12879 2092 14971 9797 24769 24830
524288 11218 11218 1829 13047 2257 15305 9923 25229 25296
524288 11279 11279 1741 13020 2161 15181 9900 25082 25149
524288 11170 11170 1697 12868 1991 14859 9835 24694 24752
524288 11188 11188 1668 12857 2059 14916 9876 24792 24854
524288 11152 11152 1657 12809 1856 14665 10083 24749 24808
524288 11125 11125 1646 12772 1805 14577 10427 25005 25059
524288 11115 11115 1651 12766 1727 14494 10070 24564 24620
524288 11214 11214 1684 12898 1946 14844 10068 24912 24974
524288 11236 11236 1698 12935 1820 14755 10346 25102 25158
524288 11161 11161 1651 12813 1738 14552 10120 24672 24738
524288 11130 11130 1643 12773 1680 14454 10105 24560 24616
524288 11137 11137 1639 12776 1680 14457 10156 24613 24661
524288 11087 11087 1650 12737 1572 14309 9734 24043 24097
524288 11204 11204 1667 12872 1663 14536 10169 24706 24761
524288 11098 11098 1612 12710 1644 14355 9822 24178 24237
524288 11094 11094 1632 12726 1557 14284 9661 23945 23999
524288 11144 11144 1662 12806 1620 14426 9946 24373 24432
524288 11213 11213 1656 12870 1637 14507 9873 24381 24449
524288 11113 11113 1622 12735 1507 14243 9734 23978 24031
524288 11086 11086 1608 12695 1573 14268 9686 23955 24008
524288 11141 11141 1635 12776 1575 14352 9701 24054 24106
524288 11184 11184 1639 12824 1543 14368 9610 23978 24035
524288 11242 11242 1694 12937 1611 14548 9949 24498 24551
524288 11112 11112 1617 12730 1499 14230 9584 23814 23867
524288 11112 11112 1635 12748 1496 14244 9430 23675 23726
524288 11125 11125 1607 12732 1477 14210 9369 23579 23636
524288 11110 11110 1621 12731 1433 14165 9446 23611 23662
1048576 22347 22347 3448 25795 3530 29325 22013 51339 51431
1048576 22049 22049 3366 25416 3352 28768 21868 50637 50711
1048576 22268 22268 3427 25695 3276 28972 21361 50333 50421
1048576 22013 22013 3203 25217 3004 28221 21156 49378 49461
1048576 22301 22301 3244 25546 3033 28580 21048 49628 49715
1048576 21943 21943 3195 25139 3003 28142 20899 49042 49127
1048576 22226 22226 3258 25484 2911 28396 20780 49176 49261
1048576 22149 22149 3190 25340 2861 28201 20880 49082 49169
1048576 21980 21980 3202 25182 2915 28098 20323 48422 48505
1048576 22197 22197 3237 25434 2793 28228 20429 48657 48748
1048576 22148 22148 3194 25343 2822 28166 20347 48513 48605
1048576 21991 21991 3185 25177 2795 27972 20201 48173 48259
1048576 22201 22201 3246 25447 2779 28226 20230 48457 48540
1048576 22183 22183 3181 25364 2747 28111 20250 48362 48446
1048576 21999 21999 3205 25204 2878 28083 20197 48280 48362
1048576 22219 22219 3236 25456 2786 28242 20409 48652 48735
1048576 21987 21987 3178 25166 2762 27928 20007 47935 48016
1048576 22178 22178 3228 25407 2675 28082 20226 48309 48391
1048576 21964 21964 3190 25155 2753 27908 20200 48108 48190
1048576 22164 22164 3231 25396 2695 28091 20107 48199 48281
1048576 21994 21994 3189 25184 2734 27919 20144 48064 48144
1048576 22162 22162 3217 25379 2688 28067 20070 48138 48220
1048576 22258 22258 3206 25465 2824 28289 20140 48430 48519
1048576 21973 21973 3193 25167 2782 27949 20012 47962 48046
1048576 22206 22206 3235 25442 2751 28193 20253 48446 48549
1048576 22128 22128 3192 25320 2731 28052 20359 48411 48498
1048576 21970 21970 3206 25176 2820 27997 19937 47934 48017
1048576 22177 22177 3238 25415 2731 28147 20345 48493 48577
1048576 22118 22118 3190 25308 2760 28069 20112 48182 48266
1048576 21960 21960 3204 25164 2757 27922 20123 48045 48127
1048576 22201 22201 3243 25444 2759 28204 20289 48493 48576
1048576 21949 21949 3188 25138 2738 27876 20023 47900 47984
2097152 44442 44442 6797 51240 6618 57858 44831 102690 102856
2097152 44011 44011 6660 50671 6961 57632 45301 102934 103098
2097152 44641 44641 6623 51265 6498 57763 45403 103167 103326
2097152 44024 44024 6518 50543 6619 57163 45504 102667 102821
2097152 44508 44508 6590 51099 6402 57501 45358 102860 103025
2097152 43974 43974 6506 50480 6564 57045 44886 101931 102086
2097152 44540 44540 6585 51125 6395 57521 45294 102815 102978
2097152 43975 43975 6481 50457 6547 57005 45075 102080 102237
2097152 44530 44530 6586 51116 6406 57522 44843 102366 102528
2097152 43984 43984 6506 50491 6538 57030 45073 102103 102260
2097152 44523 44523 6598 51122 6380 57502 44794 102297 102453
2097152 44006 44006 6498 50504 6717 57221 45225 102446 102598
2097152 44534 44534 6582 51117 6417 57534 43844 101379 101562
2097152 44077 44077 6585 50663 6881 57544 45127 102672 102835
2097152 44759 44759 6693 51453 6562 58015 45209 103225 103401
2097152 44052 44052 6516 50568 6625 57194 45097 102291 102445
2097152 44578 44578 6608 51187 6435 57622 44991 102613 102780
2097152 43949 43949 6507 50457 6647 57104 44629 101734 101890
2097152 44561 44561 6599 51160 6420 57581 45028 102610 102775
2097152 43987 43987 6486 50474 6633 57108 44847 101955 102121
2097152 44548 44548 6596 51145 6523 57668 45049 102718 102878
2097152 43963 43963 6518 50482 6529 57012 44536 101548 101700
2097152 44536 44536 6590 51126 6451 57578 44839 102417 102586
2097152 44020 44020 6516 50536 6618 57155 45141 102296 102454
2097152 44565 44565 6589 51154 6475 57629 45253 102883 103042
2097152 43995 43995 6494 50490 6491 56981 45264 102246 102407
2097152 44580 44580 6587 51167 6599 57766 45027 102794 102956
2097152 43997 43997 6535 50533 6576 57110 44817 101927 102082
2097152 44486 44486 6606 51092 6313 57406 45070 102476 102653
2097152 43990 43990 6512 50503 6538 57041 45317 102359 102517
2097152 44532 44532 6591 51124 6440 57565 45363 102928 103091
2097152 43983 43983 6492 50476 6564 57041 45082 102124 102283
4194304 89330 89330 13731 103062 16084 119146 104059 223206 223643
4194304 88699 88699 14177 102877 16296 119173 101711 220885 221288
4194304 90119 90119 13990 104109 16027 120137 103102 223240 223659
4194304 88656 88656 13709 102365 16214 118580 103104 221685 222070
4194304 90089 90089 13896 103986 16017 120004 102601 222605 223032
4194304 88679 88679 13686 102366 16362 118728 102080 220808 221194
4194304 90077 90077 13863 103941 15827 119769 102755 222525 222949
4194304 88604 88604 13652 102257 16486 118743 102685 221428 221822
4194304 90042 90042 13923 103966 16422 120389 102829 223218 223631
4194304 88593 88593 13689 102282 16014 118296 99677 217974 218384
4194304 89945 89945 13676 103622 16388 120010 103413 223424 223866
4194304 88682 88682 13840 102523 15978 118501 102897 221398 221807
4194304 90122 90122 14007 104130 15814 119944 102088 222033 222452
4194304 88646 88646 13640 102287 16120 118407 101542 219950 220327
4194304 90115 90115 13881 103997 15907 119904 103377 223281 223710
4194304 88674 88674 13621 102296 16022 118319 102556 220875 221269
4194304 90019 90019 13887 103906 16109 120015 102788 222804 223222
4194304 88425 88425 13382 101807 16757 118565 101927 220492 220863
4194304 90198 90198 14061 104259 15757 120017 102955 222972 223396
4194304 88641 88641 13676 102317 16660 118978 102599 221578 222029
4194304 90064 90064 14062 104127 15990 120117 103358 223475 223886
4194304 88757 88757 13460 102217 16958 119175 101775 220951 221352
4194304 90125 90125 14073 104199 16191 120390 102028 222418 222838
4194304 88649 88649 13630 102280 16470 118751 101840 220591 220973
4194304 90009 90009 13691 103701 16225 119926 103114 223041 223476
4194304 88681 88681 13746 102428 16055 118483 100844 219327 219727
4194304 90129 90129 13722 103852 16089 119941 102610 222552 222977
4194304 88728 88728 13770 102499 16384 118883 102877 221760 222152
4194304 90070 90070 13905 103975 15787 119763 102482 222245 222659
4194304 88605 88605 13312 101918 17360 119278 102736 222015 222437
4194304 90149 90149 14186 104335 15933 120269 102545 222814 223234
4194304 88697 88697 13792 102490 16111 118601 102358 220960 221356
8388608 180217 180217 30369 210587 42652 253239 246875 500115 501275
8388608 177401 177401 29054 206455 43284 249740 249977 499717 500763
8388608 180375 180375 30311 210687 43556 254243 248036 502280 503425
8388608 177777 177777 28048 205825 43890 249716 250001 499718 500870
8388608 177399 177399 28137 205536 43851 249387 246501 495889 497007
8388608 180514 180514 28470 208985 43401 252386 248919 501306 502456
8388608 177848 177848 28262 206111 43201 249313 251399 500712 501874
8388608 180419 180419 28568 208988 44061 253049 248895 501945 503080
8388608 177779 177779 28467 206247 44534 250781 250244 501026 502163
8388608 180349 180349 28794 209143 43846 252990 250322 503312 504448
8388608 177859 177859 28422 206281 44021 250303 251297 501601 502767
8388608 180396 180396 28861 209257 44511 253769 249914 503683 504824
8388608 177876 177876 28584 206461 43967 250428 248511 498939 500083
8388608 177098 177098 28645 205743 43757 249501 249246 498747 499896
8388608 180621 180621 28871 209492 46011 255504 250179 505684 506851
8388608 177803 177803 28654 206458 44140 250598 251350 501948 503100
8388608 180418 180418 28892 209311 45087 254398 249173 503572 504756
8388608 177865 177865 28684 206549 45276 251826 251608 503434 504596
8388608 180410 180410 28944 209355 44179 253534 249841 503376 504522
8388608 177763 177763 28643 206406 44065 250472 248958 499430 500594
8388608 180070 180070 29213 209284 43930 253215 248675 501890 503045
8388608 177836 177836 28691 206527 44834 251361 250439 501801 502940
8388608 180505 180505 29023 209528 44003 253532 248745 502277 503416
8388608 177705 177705 28780 206485 45041 251526 252628 504155 505293
8388608 180294 180294 29064 209358 44502 253860 247391 501252 502413
8388608 177835 177835 28649 206484 44943 251427 250554 501982 503127
8388608 180406 180406 29072 209478 45069 254548 250344 504892 506050
8388608 177941 177941 28704 206646 45051 251698 249748 501447 502592
8388608 180558 180558 29125 209684 44997 254681 250742 505424 506613
8388608 177710 177710 29184 206894 45178 252073 251128 503202 504360
8388608 180468 180468 29104 209572 44242 253815 250177 503992 505136
8388608 177725 177725 28748 206474 43980 250455 250431 500886 502047
16777216 361161 361161 64427 425588 106607 532195 600252 1132447 1134776
16777216 355737 355737 63837 419574 106419 525993 592342 1118336 1120700
16777216 361216 361216 64948 426165 105352 531517 594453 1125971 1128266
16777216 355181 355181 64419 419600 106796 526397 595840 1122238 1124603
16777216 360527 360527 64955 425483 105833 531316 594357 1125674 1128002
16777216 355609 355609 64444 420054 106952 527006 599042 1126048 1128411
16777216 360977 360977 64954 425932 106547 532479 593098 1125577 1127905
16777216 355518 355518 64322 419841 107195 527037 599187 1126225 1128554
16777216 361037 361037 65007 426044 107054 533098 590476 1123575 1125893
16777216 355610 355610 64425 420035 107792 527828 598385 1126214 1128561
16777216 361242 361242 64943 426186 106742 532928 595249 1128177 1130519
16777216 355715 355715 64320 420036 107934 527970 596127 1124098 1126426
16777216 360598 360598 64927 425526 106628 532155 590804 1122959 1125268
16777216 355681 355681 64253 419935 108153 528089 596606 1124696 1127003
16777216 360726 360726 64898 425625 108110 533736 588828 1122564 1124890
16777216 355397 355397 64239 419637 106833 526470 598129 1124599 1126916
16777216 360729 360729 64840 425570 106112 531682 596831 1128514 1130830
16777216 355382 355382 64270 419652 107709 527362 596214 1123577 1125913
16777216 361100 361100 64935 426036 106312 532349 597126 1129475 1131803
16777216 355595 355595 64307 419903 107006 526909 597177 1124087 1126414
16777216 360969 360969 64826 425795 107674 533470 592598 1126068 1128388
16777216 355163 355163 64129 419293 106594 525887 596214 1122102 1124445
16777216 360860 360860 64876 425736 106303 532040 592786 1124826 1127144
16777216 355410 355410 64300 419710 107233 526944 593334 1120278 1122622
16777216 360927 360927 65011 425939 106509 532449 594948 1127398 1129719
16777216 354248 354248 64221 418469 108488 526958 600411 1127370 1129653
16777216 355639 355639 64582 420222 107982 528205 600801 1129006 1131318
16777216 361115 361115 64994 426109 107903 534013 593199 1127212 1129533
16777216 355836 355836 64452 420288 107293 527582 599057 1126639 1128961
16777216 361063 361063 65005 426069 106667 532736 597987 1130724 1133042
16777216 355344 355344 64334 419678 106928 526607 594421 1121028 1123393
16777216 355171 355171 64340 419512 105039 524551 584452 1109004 1111304
33554432 710457 710457 126998 837456 221948 1059405 1328942 2388347 2392555
33554432 723097 723097 128447 851544 223045 1074590 1340110 2414700 2419161
33554432 711720 711720 128246 839967 225316 1065283 1340046 2405330 2409788
33554432 721905 721905 129753 851658 222317 1073976 1326706 2400683 2405037
33554432 712033 712033 128099 840133 222762 1062895 1335199 2398094 2402631
33554432 722296 722296 129384 851681 225500 1077181 1321223 2398405 2402785
33554432 711988 711988 128196 840185 223055 1063240 1343202 2406442 2410824
33554432 722830 722830 129505 852336 220934 1073271 1319607 2392879 2397304
33554432 711405 711405 128356 839761 223455 1063216 1343899 2407116 2411538
33554432 721711 721711 129569 851280 223454 1074734 1331078 2405813 2410152
33554432 712203 712203 128311 840514 222123 1062638 1330793 2393431 2397929
33554432 722391 722391 129416 851807 221252 1073059 1333803 2406863 2411246
33554432 712187 712187 128217 840405 222846 1063252 1337651 2400903 2405360
33554432 722432 722432 129348 851781 219771 1071553 1335663 2407217 2411662
33554432 711545 711545 128152 839698 222529 1062227 1324262 2386490 2390994
33554432 722219 722219 129443 851662 223876 1075539 1341413 2416953 2421269
33554432 712038 712038 128451 840489 220448 1060937 1335267 2396205 2400736
33554432 722038 722038 129289 851328 222183 1073511 1323929 2397441 2401822
33554432 711306 711306 128475 839781 226819 1066600 1340486 2407087 2411543
33554432 722789 722789 129377 852167 221050 1073217 1318811 2392028 2396455
33554432 711966 711966 128508 840475 221552 1062027 1341127 2403155 2407577
33554432 722343 722343 129406 851749 220454 1072204 1338348 2410553 2414955
33554432 712253 712253 128386 840639 222890 1063530 1326901 2390432 2394901
33554432 721983 721983 129451 851435 222095 1073530 1327607 2401138 2405547
33554432 711718 711718 128158 839876 221442 1061319 1329342 2390661 2395041
33554432 722790 722790 129409 852199 221941 1074141 1326204 2400346 2404764
33554432 711117 711117 128438 839555 223041 1062597 1331056 2393653 2398144
33554432 723126 723126 129523 852650 224412 1077063 1331871 2408934 2413285
33554432 712086 712086 128440 840527 223526 1064053 1324703 2388757 2393295
33554432 722643 722643 129430 852074 218887 1070962 1328015 2398977 2403332
33554432 711594 711594 128484 840079 221967 1062047 1328727 2390774 2395220
33554432 722115 722115 129688 851803 222407 1074210 1329011 2403222 2407674
