8 5 5 6 12 0 12 0 13 13
8 4 4 5 9 0 9 0 10 10
8 4 4 5 9 0 9 0 9 10
8 3 3 5 8 0 9 0 9 9
8 3 3 6 9 0 10 0 10 10
8 4 4 5 9 0 9 0 10 10
8 3 3 5 8 0 9 0 9 10
8 4 4 5 9 0 10 0 10 10
8 3 3 5 9 0 9 0 9 10
8 3 3 5 9 0 9 0 9 10
8 3 3 5 9 0 9 0 9 10
8 3 3 5 9 0 9 0 9 10
8 4 4 4 8 0 9 0 9 9
8 3 3 5 9 0 9 0 9 10
8 3 3 4 7 0 8 0 8 9
8 3 3 4 8 0 8 0 8 9
8 3 3 4 8 0 9 0 9 9
8 3 3 4 7 0 8 0 8 8
8 3 3 4 8 0 8 0 8 9
8 3 3 4 8 0 8 0 8 9
8 3 3 4 7 0 8 0 8 8
8 3 3 4 8 0 8 0 8 9
8 3 3 4 8 0 8 0 8 9
8 3 3 5 8 0 9 0 9 9
8 3 3 4 8 0 8 0 9 9
8 3 3 4 8 0 8 0 8 9
8 3 3 4 7 0 8 0 8 8
8 3 3 5 8 0 9 0 9 9
8 3 3 4 8 0 8 0 8 9
8 3 3 4 7 0 8 0 8 8
8 3 3 4 8 0 8 0 9 9
8 3 3 4 8 0 8 0 9 9
16 4 4 5 9 0 9 0 10 10
16 4 4 4 8 0 9 0 9 10
16 4 4 5 9 0 9 0 9 10
16 4 4 4 8 0 9 0 9 9
16 3 3 4 8 0 9 0 9 9
16 3 3 4 8 0 8 0 9 9
16 4 4 5 9 0 9 0 10 10
16 4 4 5 10 0 10 0 10 11
16 4 4 5 9 0 9 0 10 10
16 4 4 4 8 0 8 0 8 9
16 3 3 4 7 0 8 0 8 8
16 3 3 4 8 0 8 0 9 9
16 3 3 4 8 0 8 0 9 9
16 4 4 4 8 0 8 0 9 9
16 3 3 4 8 0 8 0 9 9
16 3 3 5 9 0 9 0 9 10
16 4 4 4 9 0 9 0 9 10
16 4 4 4 9 0 9 0 9 10
16 3 3 4 8 0 9 0 9 9
16 4 4 4 9 0 9 0 9 10
16 3 3 4 8 0 8 0 8 9
16 4 4 4 8 0 9 0 9 9
16 4 4 4 8 0 9 0 9 9
16 4 4 5 9 0 10 0 10 10
16 4 4 4 8 0 9 0 9 10
16 4 4 5 9 0 10 0 10 10
16 4 4 5 9 0 9 0 10 10
16 3 3 4 8 0 9 0 9 9
16 4 4 5 9 0 10 0 10 11
16 4 4 4 9 0 9 0 9 10
16 3 3 4 7 0 8 0 8 9
16 3 3 5 8 0 9 0 9 9
32 4 4 4 9 0 9 0 10 10
32 4 4 5 9 0 10 0 10 11
32 4 4 4 9 0 9 0 9 10
32 4 4 4 9 0 10 0 10 11
32 5 5 4 9 0 10 0 10 11
32 5 5 6 11 0 11 0 12 12
32 4 4 4 8 0 9 0 9 10
32 4 4 5 9 0 10 0 10 10
32 4 4 4 9 0 10 0 10 10
32 4 4 4 9 0 10 0 10 10
32 5 5 5 10 0 10 0 10 11
32 4 4 5 9 0 9 0 10 10
32 4 4 5 10 0 10 0 11 11
32 4 4 5 9 0 9 0 10 10
32 4 4 4 9 0 9 0 10 10
32 4 4 4 8 0 9 0 9 9
32 4 4 4 9 0 10 0 10 10
32 4 4 4 8 0 9 0 9 9
32 4 4 4 9 0 9 0 10 10
32 4 4 4 9 0 10 0 10 10
32 4 4 4 9 0 10 0 10 10
32 4 4 4 9 0 9 0 9 10
32 4 4 4 9 0 9 0 10 10
32 5 5 5 10 0 11 0 11 11
32 4 4 4 9 0 9 0 10 10
32 4 4 4 9 0 9 0 9 10
32 4 4 4 9 0 9 0 9 10
32 4 4 4 9 0 9 0 9 10
32 4 4 4 9 0 9 0 9 10
32 4 4 4 8 0 9 0 9 9
32 4 4 4 9 0 9 0 10 10
32 4 4 4 9 0 9 0 10 10
64 6 6 5 11 0 12 0 13 13
64 5 5 4 10 0 10 0 11 11
64 5 5 4 10 0 10 0 11 11
64 5 5 5 10 0 11 0 11 12
64 5 5 4 10 0 10 0 11 11
64 5 5 4 10 0 10 0 11 11
64 6 6 4 11 0 11 0 11 12
64 5 5 4 10 0 10 0 11 11
64 6 6 4 11 0 11 0 12 12
64 5 5 4 10 0 11 0 11 12
64 5 5 4 10 0 10 0 11 11
64 5 5 4 9 0 10 0 10 10
64 5 5 4 10 0 10 0 11 11
64 5 5 4 10 0 10 0 11 11
64 5 5 4 10 0 11 0 11 11
64 5 5 5 10 0 11 0 11 12
64 5 5 5 11 0 11 0 12 12
64 5 5 4 9 0 9 0 10 10
64 5 5 4 9 0 9 0 10 10
64 6 6 4 10 0 11 0 11 12
64 5 5 4 10 0 10 0 11 11
64 5 5 4 10 0 10 0 11 11
64 5 5 4 9 0 10 0 10 10
64 6 6 4 10 0 11 0 11 11
64 5 5 4 10 0 10 0 11 11
64 5 5 4 10 0 10 0 11 11
64 5 5 4 10 0 10 0 11 11
64 5 5 4 10 0 10 0 11 11
64 5 5 4 9 0 9 0 10 10
64 5 5 4 10 0 10 0 11 11
64 5 5 4 10 0 10 0 11 11
64 5 5 4 9 0 10 0 10 11
128 7 7 4 12 0 12 0 13 13
128 7 7 5 12 0 13 0 13 14
128 7 7 4 12 0 12 0 13 14
128 6 6 4 11 0 11 0 12 13
128 7 7 4 12 0 13 0 13 14
128 7 7 4 12 0 13 0 13 14
128 7 7 4 12 0 12 0 13 14
128 7 7 4 12 0 12 0 13 13
128 7 7 5 12 0 12 0 13 13
128 7 7 4 12 0 12 0 13 13
128 7 7 4 12 0 12 0 13 13
128 6 6 4 11 0 11 0 12 12
128 7 7 4 11 0 12 0 13 13
128 7 7 5 12 0 13 0 13 14
128 7 7 4 11 0 12 0 13 13
128 7 7 5 12 0 12 0 13 14
128 7 7 4 11 0 12 0 13 13
128 7 7 4 12 0 13 0 13 14
128 7 7 4 12 0 13 0 13 14
128 7 7 5 12 0 13 0 14 14
128 7 7 5 12 0 13 0 13 14
128 7 7 4 12 0 12 0 13 14
128 7 7 4 12 0 12 0 13 14
128 7 7 4 11 0 12 0 13 13
128 7 7 4 12 0 12 0 13 13
128 7 7 4 12 0 12 0 13 14
128 7 7 4 11 0 12 0 13 13
128 7 7 5 12 0 12 0 13 14
128 7 7 5 12 0 13 0 13 14
128 7 7 5 12 0 12 0 13 13
128 7 7 4 12 0 12 0 13 14
128 6 6 4 11 0 11 0 12 13
256 10 10 5 15 0 16 1 17 17
256 10 10 4 14 0 15 1 16 17
256 11 11 5 16 0 17 1 18 19
256 10 10 5 15 0 16 1 17 18
256 10 10 5 16 0 17 1 19 19
256 10 10 4 15 0 16 1 17 18
256 10 10 4 15 0 15 1 17 17
256 10 10 4 15 0 15 1 17 17
256 10 10 4 15 0 15 1 17 17
256 10 10 5 16 0 16 1 18 18
256 10 10 5 16 0 16 1 18 18
256 10 10 5 15 0 15 1 17 17
256 10 10 5 15 0 16 1 17 18
256 10 10 4 15 0 16 1 18 18
256 10 10 5 15 0 16 1 18 18
256 10 10 5 16 0 16 1 18 18
256 9 9 4 14 0 14 1 16 16
256 10 10 4 15 0 15 1 17 17
256 9 9 5 14 0 15 1 16 17
256 9 9 5 15 0 15 1 16 17
256 10 10 5 15 0 15 1 17 17
256 10 10 5 15 0 16 1 17 17
256 10 10 5 16 0 17 1 19 19
256 10 10 4 15 0 15 1 17 17
256 10 10 5 16 0 16 1 18 18
256 10 10 5 15 0 15 1 17 17
256 10 10 5 15 0 15 1 17 17
256 9 9 4 14 0 15 1 16 17
256 9 9 4 14 0 15 1 16 16
256 9 9 4 14 0 14 1 15 16
256 10 10 5 15 0 16 1 17 18
256 11 11 5 16 0 17 1 18 19
512 15 15 6 21 0 22 2 25 25
512 15 15 5 21 0 22 2 25 26
512 15 15 5 21 0 22 2 24 25
512 15 15 6 22 0 23 2 25 26
512 15 15 5 21 0 22 2 25 25
512 15 15 5 21 0 22 2 25 25
512 15 15 5 21 0 22 2 25 25
512 16 16 6 22 0 23 2 25 26
512 15 15 5 21 0 21 2 24 25
512 15 15 5 21 0 22 2 25 25
512 16 16 5 21 0 22 2 25 26
512 15 15 6 21 0 22 2 25 26
512 15 15 5 21 0 22 2 25 25
512 15 15 5 21 0 22 2 24 25
512 16 16 6 22 0 23 2 26 26
512 15 15 6 22 0 23 2 25 26
512 15 15 5 21 0 22 2 24 25
512 15 15 5 21 0 22 2 25 25
512 16 16 6 22 0 23 2 26 26
512 15 15 5 20 0 21 2 24 24
512 15 15 5 21 0 22 2 25 25
512 15 15 5 20 0 21 2 24 24
512 16 16 6 22 0 22 2 25 26
512 14 14 5 20 0 21 2 23 24
512 15 15 6 22 0 23 2 25 26
512 23 23 6 29 0 30 2 33 33
512 15 15 5 20 0 21 3 25 25
512 15 15 5 20 0 21 2 24 24
512 15 15 5 20 0 21 2 23 24
512 15 15 5 21 0 22 2 25 25
512 15 15 5 21 0 22 2 25 25
512 15 15 5 20 0 21 2 24 25
1024 26 26 7 34 1 35 5 41 41
1024 26 26 7 33 1 34 5 40 41
1024 26 26 7 33 1 34 5 40 41
1024 26 26 6 33 1 34 5 40 40
1024 26 26 7 33 1 34 5 40 40
1024 25 25 7 33 1 35 5 40 41
1024 25 25 7 33 1 34 5 40 40
1024 25 25 8 34 1 35 5 41 41
1024 25 25 7 32 1 33 5 39 40
1024 25 25 7 32 1 33 5 39 39
1024 25 25 7 32 1 33 5 39 39
1024 50 50 7 57 1 59 6 65 65
1024 26 26 7 33 1 34 5 40 41
1024 26 26 7 34 1 35 5 41 41
1024 26 26 7 33 1 34 5 40 41
1024 26 26 7 33 1 34 5 40 40
1024 25 25 7 32 1 33 5 39 40
1024 26 26 7 33 1 35 5 41 41
1024 26 26 7 33 1 34 5 40 40
1024 25 25 6 32 1 33 5 39 39
1024 24 24 6 31 1 32 5 38 38
1024 26 26 7 33 1 35 5 40 41
1024 25 25 8 33 1 34 5 40 40
1024 25 25 6 32 1 33 5 38 39
1024 25 25 6 31 1 33 5 38 39
1024 25 25 6 31 1 32 5 38 39
1024 24 24 6 31 1 32 5 38 39
1024 25 25 7 32 1 33 5 39 39
1024 24 24 6 31 1 32 5 38 38
1024 26 26 7 33 1 34 5 40 41
1024 25 25 7 33 1 34 5 40 40
1024 25 25 7 32 1 34 5 40 40
2048 47 47 12 59 2 61 12 73 74
2048 47 47 11 59 2 61 12 74 74
2048 47 47 11 59 2 61 12 74 74
2048 47 47 11 59 2 61 12 74 74
2048 47 47 12 59 2 61 12 74 74
2048 47 47 12 59 2 62 12 74 75
2048 47 47 83 130 2 133 12 145 146
2048 47 47 12 59 2 62 12 74 75
2048 47 47 11 59 2 61 12 73 74
2048 47 47 12 59 2 61 12 74 74
2048 46 46 11 58 2 60 12 72 73
2048 47 47 11 59 2 61 12 74 74
2048 47 47 11 59 2 61 12 74 74
2048 46 46 12 58 2 60 12 73 73
2048 47 47 12 59 2 61 12 74 74
2048 47 47 11 59 2 62 12 74 75
2048 47 47 11 59 2 61 12 73 74
2048 48 48 12 60 2 63 12 75 76
2048 48 48 12 60 2 62 12 75 75
2048 46 46 12 59 2 61 12 73 74
2048 47 47 12 59 2 61 12 74 74
2048 46 46 11 58 1 60 12 72 73
2048 46 46 11 58 2 61 12 73 74
2048 47 47 12 60 2 62 12 75 75
2048 47 47 11 59 2 61 12 73 74
2048 47 47 12 60 2 62 12 75 75
2048 47 47 13 60 2 63 12 75 76
2048 48 48 12 61 2 63 12 75 76
2048 47 47 12 60 2 62 12 75 75
2048 47 47 11 58 2 60 12 73 73
2048 47 47 12 59 1 61 12 73 74
2048 46 46 11 58 2 60 23 84 85
4096 92 92 16 109 4 113 28 142 142
4096 91 91 16 108 4 112 27 139 140
4096 92 92 15 108 4 112 27 140 140
4096 91 91 16 107 4 112 27 139 140
4096 92 92 16 108 4 112 27 140 141
4096 92 92 16 109 4 113 27 141 141
4096 92 92 16 109 4 113 27 141 141
4096 92 92 17 109 4 113 27 141 141
4096 93 93 16 109 4 114 27 141 142
4096 92 92 16 108 4 112 27 140 140
4096 92 92 16 108 4 113 27 140 141
4096 92 92 16 108 4 112 27 140 140
4096 92 92 17 109 4 113 27 141 141
4096 93 93 16 109 4 113 27 141 141
4096 91 91 16 108 4 112 27 140 140
4096 91 91 16 107 4 111 27 139 139
4096 91 91 16 108 4 112 27 140 140
4096 92 92 15 108 4 112 27 139 140
4096 92 92 16 108 4 112 27 140 140
4096 92 92 15 108 4 112 27 140 141
4096 91 91 15 107 4 111 27 139 140
4096 101 101 16 118 4 123 28 151 151
4096 91 91 15 107 4 111 27 138 139
4096 91 91 15 107 3 111 27 138 139
4096 92 92 16 109 4 113 27 141 142
4096 91 91 16 108 4 112 27 140 140
4096 91 91 16 107 4 111 27 139 139
4096 91 91 16 107 4 111 27 139 140
4096 92 92 16 109 4 113 28 141 142
4096 91 91 16 107 4 111 27 139 139
4096 91 91 16 108 3 112 27 139 140
4096 91 91 16 108 4 112 28 140 141
8192 178 178 30 209 8 218 65 283 283
8192 180 180 30 210 8 219 64 284 285
8192 179 179 31 210 8 219 64 284 284
8192 181 181 31 213 8 221 65 287 287
8192 178 178 30 208 8 217 64 281 282
8192 178 178 31 209 8 218 64 282 283
8192 178 178 32 210 8 219 65 284 284
8192 179 179 31 210 8 219 64 284 285
8192 179 179 30 209 8 218 65 283 283
8192 179 179 30 210 8 219 64 283 284
8192 178 178 30 208 8 217 64 281 282
8192 178 178 31 210 8 218 64 283 284
8192 180 180 31 211 8 220 65 285 286
8192 178 178 31 210 8 218 64 283 284
8192 178 178 32 210 8 218 64 283 284
8192 177 177 31 209 8 218 64 282 283
8192 179 179 30 210 8 219 64 284 284
8192 179 179 30 209 8 218 65 283 283
8192 180 180 31 211 8 219 65 284 285
8192 179 179 31 210 8 219 65 284 284
8192 177 177 30 207 8 216 64 281 282
8192 178 178 30 208 8 217 64 282 282
8192 179 179 30 210 8 219 64 284 284
8192 178 178 31 209 8 218 65 283 284
8192 179 179 31 211 8 220 65 285 285
8192 179 179 30 210 9 219 64 284 285
8192 180 180 31 212 8 221 65 286 287
8192 179 179 30 210 8 218 65 283 284
8192 179 179 30 210 8 219 64 284 284
8192 179 179 31 210 8 219 65 284 285
8192 180 180 31 211 8 220 65 285 286
8192 178 178 31 210 8 218 64 283 284
16384 359 359 54 414 20 435 163 598 609
16384 358 358 54 412 19 432 162 594 603
16384 359 359 54 414 21 435 163 598 608
16384 360 360 53 414 23 437 156 594 604
16384 358 358 54 412 19 432 162 594 604
16384 357 357 54 412 19 431 162 593 602
16384 359 359 54 413 20 434 162 597 606
16384 357 357 54 412 20 432 162 595 604
16384 357 357 54 411 20 431 162 594 605
16384 357 357 54 412 19 432 162 594 604
16384 360 360 55 416 20 436 163 599 608
16384 359 359 54 414 19 434 162 597 606
16384 357 357 55 412 20 433 162 595 604
16384 359 359 54 414 20 434 162 597 608
16384 360 360 56 417 19 437 162 600 609
16384 358 358 68 427 21 448 162 610 621
16384 357 357 54 411 23 434 163 597 607
16384 359 359 55 415 22 437 162 600 610
16384 360 360 55 416 20 436 163 599 609
16384 369 369 53 423 23 447 157 604 627
16384 361 361 54 416 20 436 162 599 608
16384 359 359 55 414 20 434 163 598 608
16384 359 359 53 413 21 434 163 597 607
16384 368 368 55 423 20 443 162 606 617
16384 362 362 55 417 23 441 168 609 621
16384 359 359 55 414 19 434 162 596 606
16384 358 358 55 413 20 433 162 596 607
16384 370 370 54 425 20 446 163 609 619
16384 358 358 54 413 21 434 163 598 607
16384 359 359 54 413 20 434 164 598 609
16384 358 358 55 413 19 433 162 595 605
16384 367 367 55 422 21 444 161 606 616
32768 709 709 114 823 52 875 360 1236 1254
32768 707 707 112 819 49 869 356 1225 1244
32768 710 710 112 822 47 870 359 1230 1249
32768 704 704 113 817 49 867 357 1225 1242
32768 713 713 113 826 56 882 367 1250 1267
32768 709 709 109 819 46 866 358 1224 1242
32768 707 707 111 818 51 869 386 1255 1276
32768 704 704 113 818 49 867 357 1225 1243
32768 706 706 113 820 54 874 371 1245 1263
32768 713 713 113 827 53 881 367 1249 1268
32768 707 707 113 820 57 877 396 1274 1290
32768 704 704 119 823 55 879 357 1236 1254
32768 705 705 112 818 52 871 362 1233 1252
32768 708 708 111 820 71 891 388 1279 1298
32768 710 710 111 822 57 879 374 1254 1285
32768 707 707 112 820 49 870 362 1232 1251
32768 712 712 113 825 55 881 367 1249 1267
32768 711 711 110 822 52 874 365 1239 1257
32768 707 707 114 822 53 875 389 1264 1283
32768 705 705 113 818 52 870 360 1231 1251
32768 707 707 111 818 48 867 359 1226 1242
32768 703 703 111 815 58 874 366 1240 1256
32768 705 705 110 815 51 866 371 1238 1253
32768 716 716 113 829 51 881 355 1236 1254
32768 706 706 114 820 58 878 361 1240 1258
32768 707 707 112 819 52 872 363 1235 1254
32768 710 710 113 823 50 874 358 1232 1250
32768 706 706 112 819 53 872 376 1248 1264
32768 746 746 115 861 64 926 377 1304 1321
32768 707 707 113 820 47 868 357 1225 1242
32768 707 707 112 820 49 869 381 1251 1271
32768 706 706 111 817 48 866 356 1222 1240
65536 1411 1411 228 1640 172 1812 875 2688 2712
65536 1413 1413 212 1626 141 1767 900 2668 2693
65536 1409 1409 214 1624 144 1769 902 2671 2692
65536 1420 1420 216 1636 155 1792 905 2697 2721
65536 1463 1463 215 1678 164 1843 897 2740 2765
65536 1406 1406 215 1622 163 1785 931 2716 2743
65536 1412 1412 213 1626 158 1784 898 2683 2706
65536 1412 1412 217 1630 165 1795 922 2717 2741
65536 1424 1424 218 1643 163 1806 900 2707 2731
65536 1419 1419 213 1632 167 1799 891 2691 2715
65536 1408 1408 213 1622 147 1769 947 2716 2740
65536 1409 1409 211 1621 150 1771 880 2651 2674
65536 1407 1407 221 1628 173 1801 907 2708 2733
65536 1418 1418 213 1632 163 1795 941 2736 2760
65536 1415 1415 213 1628 188 1817 898 2715 2740
65536 1399 1399 212 1612 152 1765 893 2658 2683
65536 1407 1407 211 1619 155 1775 885 2660 2683
65536 1416 1416 213 1629 163 1792 898 2691 2716
65536 1421 1421 213 1634 160 1795 958 2753 2775
65536 1415 1415 232 1647 164 1812 872 2684 2710
65536 1412 1412 220 1632 159 1792 929 2721 2748
65536 1407 1407 214 1622 164 1786 953 2740 2761
65536 1413 1413 215 1629 141 1771 880 2651 2674
65536 1415 1415 217 1632 169 1802 924 2727 2750
65536 1416 1416 215 1631 160 1792 913 2705 2729
65536 1407 1407 211 1619 152 1772 909 2681 2704
65536 1407 1407 215 1622 169 1792 905 2697 2722
65536 1422 1422 217 1639 164 1804 879 2683 2707
65536 1426 1426 216 1642 159 1802 904 2706 2732
65536 1404 1404 209 1613 171 1785 948 2734 2760
65536 1413 1413 215 1628 149 1778 902 2681 2703
65536 1409 1409 214 1623 157 1780 894 2675 2698
131072 2825 2825 431 3257 451 3708 2120 5828 5858
131072 2807 2807 424 3232 434 3667 2089 5756 5785
131072 2826 2826 424 3250 458 3709 2106 5816 5849
131072 2817 2817 428 3246 463 3710 2072 5782 5810
131072 2813 2813 436 3249 476 3726 2117 5844 5876
131072 2834 2834 426 3260 450 3711 2115 5826 5857
131072 2817 2817 438 3255 451 3707 2120 5828 5855
131072 2834 2834 432 3267 443 3710 2162 5872 5901
131072 2816 2816 426 3242 483 3726 2086 5813 5845
131072 2821 2821 425 3247 456 3704 2137 5842 5873
131072 2816 2816 434 3250 463 3714 2107 5821 5851
131072 2811 2811 422 3234 451 3686 2102 5788 5820
131072 2825 2825 425 3251 446 3697 2080 5778 5808
131072 2814 2814 446 3261 469 3730 2089 5820 5851
131072 2818 2818 422 3241 426 3667 2155 5823 5853
131072 2843 2843 437 3281 461 3743 2103 5846 5875
131072 2817 2817 425 3243 463 3706 2146 5853 5885
131072 2820 2820 423 3244 452 3696 2110 5807 5835
131072 2790 2790 417 3207 437 3645 2135 5780 5811
131072 2828 2828 426 3254 446 3701 2097 5799 5828
131072 2809 2809 443 3252 487 3739 2087 5827 5857
131072 2813 2813 421 3235 413 3649 2187 5836 5863
131072 2812 2812 416 3229 413 3642 2117 5759 5789
131072 2832 2832 423 3256 426 3683 2128 5811 5838
131072 2820 2820 419 3240 380 3620 2097 5718 5744
131072 2811 2811 426 3238 428 3667 2171 5838 5868
131072 2830 2830 425 3255 433 3689 2165 5855 5885
131072 2806 2806 420 3227 410 3637 2111 5749 5780
131072 2810 2810 425 3236 432 3668 2142 5811 5842
131072 2826 2826 418 3244 432 3677 2133 5811 5839
131072 2831 2831 430 3262 430 3693 2196 5889 5918
131072 2831 2831 423 3255 428 3683 2133 5817 5849
262144 5660 5660 902 6563 1075 7638 4675 12314 12357
262144 5623 5623 891 6515 1077 7592 4567 12160 12204
262144 5635 5635 912 6547 1057 7604 4599 12203 12248
262144 5651 5651 877 6528 1005 7534 4539 12073 12116
262144 5636 5636 881 6518 1044 7562 4591 12153 12195
262144 5622 5622 895 6517 1083 7601 4670 12271 12313
262144 5609 5609 890 6499 1059 7559 4604 12163 12210
262144 5615 5615 855 6470 1015 7486 4584 12071 12115
262144 5627 5627 849 6477 1041 7518 4565 12083 12130
262144 5645 5645 865 6511 978 7489 4529 12019 12066
262144 5655 5655 864 6519 1007 7527 4533 12061 12102
262144 5671 5671 876 6547 1017 7565 4617 12182 12226
262144 5652 5652 865 6517 1016 7534 4575 12110 12156
262144 5628 5628 858 6487 980 7468 4675 12143 12186
262144 5626 5626 855 6482 972 7454 4585 12040 12081
262144 5643 5643 857 6501 1024 7526 4606 12133 12179
262144 5671 5671 898 6569 964 7534 4627 12161 12204
262144 5621 5621 859 6481 986 7467 4565 12033 12076
262144 5621 5621 855 6476 973 7449 4612 12062 12107
262144 5600 5600 856 6456 928 7385 4670 12056 12096
262144 5631 5631 856 6487 956 7444 4638 12082 12124
262144 5653 5653 855 6508 964 7473 4602 12075 12115
262144 5634 5634 860 6495 957 7452 4603 12055 12097
262144 5639 5639 884 6524 976 7501 4537 12039 12084
262144 5611 5611 847 6459 894 7354 4792 12146 12189
262144 5634 5634 853 6487 1028 7516 4607 12123 12175
262144 5631 5631 866 6498 1100 7598 4602 12201 12255
262144 5623 5623 878 6502 1118 7620 4663 12284 12331
262144 5595 5595 864 6460 1121 7582 4584 12166 12212
262144 5586 5586 877 6463 1050 7514 4557 12071 12123
262144 5609 5609 866 6476 1048 7524 4535 12059 12117
262144 5638 5638 867 6505 1001 7507 4579 12087 12130
524288 11168 11168 1844 13013 2384 15397 10276 25674 25748
524288 11228 11228 1840 13068 2388 15457 9909 25366 25434
524288 11259 11259 1838 13097 2395 15492 10076 25569 25633
524288 11231 11231 1717 12949 2074 15023 9776 24800 24862
524288 11265 11265 1815 13080 2320 15401 10010 25411 25476
524288 11308 11308 1794 13103 2264 15367 9716 25083 25147
524288 11236 11236 1730 12967 2073 15041 9764 24806 24866
524288 11255 11255 1715 12970 2007 14978 9967 24945 25003
524288 11251 11251 1714 12965 1967 14933 10133 25066 25126
524288 11183 11183 1666 12850 1801 14651 10326 24978 25035
524288 11201 11201 1671 12872 1752 14625 10293 24918 24977
524288 11247 11247 1701 12949 1944 14894 10334 25229 25288
524288 11170 11170 1677 12847 1792 14639 10511 25150 25207
524288 11189 11189 1669 12859 1704 14563 10138 24702 24755
524288 11276 11276 1707 12984 1839 14823 10176 25000 25067
524288 11202 11202 1671 12874 1726 14600 10218 24819 24870
524288 11181 11181 1647 12828 1589 14418 9840 24259 24312
524288 11174 11174 1658 12833 1614 14447 9976 24423 24477
524288 11220 11220 1681 12902 1713 14616 10274 24890 24946
524288 11210 11210 1659 12869 1669 14538 9934 24472 24524
524288 11198 11198 1652 12850 1556 14407 9747 24154 24209
524288 11183 11183 1641 12825 1553 14379 9761 24140 24196
524288 11195 11195 1640 12835 1650 14486 9781 24267 24321
524288 11176 11176 1634 12810 1515 14326 9698 24025 24076
524288 11203 11203 1648 12851 1606 14457 9885 24342 24398
524288 11173 11173 1638 12811 1485 14297 9505 23803 23847
524288 11170 11170 1642 12812 1507 14320 9445 23765 23817
524288 11163 11163 1651 12815 1458 14273 9592 23865 23915
524288 11190 11190 1655 12845 1560 14406 9808 24215 24269
524288 11185 11185 1633 12819 1472 14291 9563 23854 23904
524288 11173 11173 1637 12811 1493 14304 9599 23904 23956
524288 11192 11192 1635 12828 1522 14350 9592 23942 23995
1048576 22414 22414 3507 25921 3597 29518 22601 52120 52214
1048576 22361 22361 3477 25839 3449 29288 22099 51388 51476
1048576 22419 22419 3449 25869 3281 29151 21689 50840 50926
1048576 22348 22348 3268 25617 3017 28634 21470 50105 50187
1048576 22297 22297 3265 25562 2922 28485 21283 49769 49851
1048576 22282 22282 3246 25529 2836 28365 20961 49327 49407
1048576 22289 22289 3252 25541 2854 28396 20700 49096 49178
1048576 22293 22293 3235 25528 2825 28354 20937 49292 49382
1048576 22286 22286 3246 25533 2808 28342 20731 49074 49157
1048576 22279 22279 3241 25521 2786 28307 20739 49047 49131
1048576 22314 22314 3239 25553 2792 28346 20548 48895 48975
1048576 22290 22290 3250 25541 2804 28345 20605 48950 49031
1048576 22316 22316 3240 25557 2753 28311 20507 48818 48898
1048576 22308 22308 3248 25556 2791 28348 20350 48698 48778
1048576 22304 22304 3247 25551 2704 28256 20291 48548 48633
1048576 22290 22290 3230 25521 2713 28235 19630 47866 47952
1048576 22519 22519 3406 25926 3253 29179 20777 49957 50060
1048576 22348 22348 3276 25625 2756 28381 20482 48863 48944
1048576 22357 22357 3263 25620 2830 28451 20916 49367 49456
1048576 22269 22269 3241 25510 2746 28257 20542 48799 48878
1048576 22503 22503 3348 25852 2930 28782 20566 49348 49433
1048576 22294 22294 3261 25555 2723 28278 20326 48605 48684
1048576 22327 22327 3245 25573 2752 28325 20304 48629 48709
1048576 22281 22281 3242 25524 2705 28229 20422 48652 48732
1048576 22299 22299 3241 25540 2748 28288 20347 48636 48717
1048576 22297 22297 3241 25538 2710 28248 20359 48608 48698
1048576 22314 22314 3237 25551 2729 28281 20213 48494 48579
1048576 22282 22282 3240 25523 2715 28238 20132 48370 48452
1048576 22303 22303 3233 25536 2739 28275 20374 48650 48729
1048576 22286 22286 3239 25526 2700 28226 20206 48433 48515
1048576 22310 22310 3240 25551 2713 28264 20354 48618 48699
1048576 22281 22281 3239 25521 2709 28230 20295 48526 48606
2097152 44679 44679 6860 51540 6599 58139 45570 103710 103869
2097152 44799 44799 6815 51615 6826 58441 45600 104042 104198
2097152 44916 44916 6635 51551 6541 58092 45587 103679 103838
2097152 44787 44787 6641 51429 6579 58008 46171 104180 104337
2097152 44818 44818 6570 51388 6532 57921 45544 103466 103629
2097152 44750 44750 6622 51372 6593 57965 45572 103538 103704
2097152 44834 44834 6625 51459 6674 58134 45619 103753 103914
2097152 44741 44741 6623 51365 6504 57869 45615 103485 103651
2097152 44859 44859 6605 51464 6528 57992 45741 103733 103889
2097152 44778 44778 6618 51396 6706 58102 45625 103727 103887
2097152 45340 45340 6888 52228 6809 59038 45827 104865 105080
2097152 44943 44943 6725 51669 6449 58118 45173 103292 103463
2097152 45259 45259 6819 52078 6702 58781 45810 104591 104770
2097152 44891 44891 6683 51575 6492 58068 45679 103747 103902
2097152 44786 44786 6652 51439 6522 57961 45318 103280 103437
2097152 44736 44736 6621 51358 6570 57929 45740 103669 103820
2097152 44801 44801 6573 51374 6478 57852 45249 103102 103258
2097152 44739 44739 6641 51381 6401 57782 45882 103665 103818
2097152 44820 44820 6621 51441 6743 58184 44059 102244 102411
2097152 44946 44946 6725 51671 6749 58421 45307 103729 103889
2097152 44962 44962 6675 51637 6554 58192 45824 104016 104178
2097152 44813 44813 6630 51444 6611 58055 45814 103870 104021
2097152 44820 44820 6601 51422 6497 57920 45386 103306 103461
2097152 44745 44745 6636 51381 6472 57854 45861 103715 103874
2097152 44806 44806 6599 51405 6523 57929 45308 103237 103398
2097152 44731 44731 6621 51352 6467 57820 45256 103076 103237
2097152 44796 44796 6657 51454 6488 57943 45072 103016 103184
2097152 44730 44730 6619 51350 6481 57832 44960 102792 102949
2097152 44813 44813 6637 51451 6472 57924 45015 102940 103097
2097152 44730 44730 6631 51361 6511 57872 45591 103464 103618
2097152 44849 44849 6569 51419 6523 57942 45056 102998 103156
2097152 44782 44782 6612 51395 6508 57903 45091 102994 103153
4194304 89808 89808 13626 103434 16196 119631 104381 224012 224410
4194304 90360 90360 14498 104859 16380 121240 103554 224795 225191
4194304 90425 90425 14021 104447 15917 120365 103905 224270 224665
4194304 90346 90346 13976 104323 16301 120624 103891 224516 224916
4194304 90494 90494 13894 104389 16043 120433 103285 223718 224121
4194304 90467 90467 13960 104428 15953 120381 102800 223182 223569
4194304 90457 90457 13997 104454 15983 120437 103659 224097 224492
4194304 90468 90468 14046 104514 16103 120618 103816 224434 224856
4194304 90550 90550 13672 104222 15918 120141 104252 224393 224800
4194304 90426 90426 14076 104502 16154 120657 104472 225129 225523
4194304 90463 90463 13930 104393 16000 120394 103283 223677 224067
4194304 90303 90303 13989 104293 16034 120328 104065 224393 224781
4194304 90558 90558 13843 104401 16338 120740 103975 224715 225061
4194304 90307 90307 13930 104238 15929 120167 103601 223768 224158
4194304 90406 90406 13885 104291 15880 120172 103126 223298 223674
4194304 90416 90416 14029 104446 16192 120639 103191 223830 224216
4194304 90533 90533 13878 104411 15863 120275 104241 224516 224901
4194304 90447 90447 13919 104366 16002 120368 104386 224755 225154
4194304 90447 90447 13938 104385 16093 120479 103506 223985 224385
4194304 90387 90387 14067 104455 16030 120486 103357 223843 224241
4194304 90535 90535 13837 104372 16492 120865 104692 225557 225947
4194304 90353 90353 13962 104315 15939 120254 104032 224287 224673
4194304 90328 90328 13350 103679 16356 120035 103935 223971 224382
4194304 90437 90437 13980 104418 15783 120201 103711 223913 224305
4194304 90557 90557 13833 104391 15883 120274 104074 224349 224747
4194304 90399 90399 13844 104244 16133 120377 104787 225165 225556
4194304 90479 90479 13928 104408 16040 120448 103235 223683 224072
4194304 90414 90414 13688 104103 15924 120027 103996 224024 224413
4194304 90534 90534 13780 104314 16193 120508 103392 223900 224300
4194304 90381 90381 13857 104239 15867 120106 103500 223606 223990
4194304 90400 90400 13846 104246 16363 120610 103802 224412 224816
4194304 90415 90415 13977 104393 15800 120194 103508 223702 224092
8388608 180956 180956 30437 211393 43506 254900 251114 506015 507092
8388608 181121 181121 28469 209591 43747 253339 249097 502437 503504
8388608 181242 181242 28710 209952 43425 253377 252134 505512 506635
8388608 181202 181202 29534 210737 44302 255039 250753 505793 506918
8388608 181222 181222 28888 210110 43434 253545 250738 504283 505407
8388608 181507 181507 29183 210691 44030 254722 250355 505077 506239
8388608 181378 181378 28838 210217 44541 254758 254755 509514 510635
8388608 181102 181102 28923 210026 43791 253817 250188 504006 505143
8388608 181516 181516 29038 210555 44112 254668 249727 504395 505527
8388608 181469 181469 29501 210970 45261 256232 251425 507658 508820
8388608 181631 181631 28981 210612 44559 255171 250725 505897 507031
8388608 181321 181321 29403 210725 43932 254658 251551 506209 507347
8388608 181460 181460 29409 210870 44248 255119 257100 512219 513363
8388608 181448 181448 29959 211407 45154 256562 249186 505748 506895
8388608 181602 181602 29161 210763 44825 255588 249214 504803 505915
8388608 181395 181395 29869 211265 44530 255795 255587 511383 512521
8388608 181324 181324 29330 210654 43889 254543 249480 504023 505156
8388608 181349 181349 29949 211299 45612 256911 251506 508417 509590
8388608 181336 181336 29183 210520 44685 255206 254144 509350 510487
8388608 181401 181401 30030 211431 45007 256438 251187 507626 508765
8388608 181365 181365 29527 210893 44539 255432 250213 505645 506782
8388608 181388 181388 29932 211320 44809 256130 251828 507959 509123
8388608 181268 181268 29583 210851 44667 255519 251930 507450 508573
8388608 181392 181392 30040 211433 44708 256141 251089 507231 508368
8388608 181286 181286 29432 210719 45145 255865 252079 507944 509063
8388608 181118 181118 29638 210757 44996 255754 248555 504310 505475
8388608 181382 181382 29528 210910 44448 255358 248981 504340 505453
8388608 180650 180650 29321 209971 44181 254153 252312 506466 507575
8388608 181352 181352 30087 211439 44896 256336 253650 509986 511134
8388608 181227 181227 29523 210750 44520 255270 250534 505804 506918
8388608 181362 181362 30173 211536 44768 256304 253108 509412 510548
8388608 181309 181309 29774 211084 45026 256110 251614 507725 508838
16777216 363304 363304 64981 428285 105830 534116 596349 1130465 1132812
16777216 363219 363219 64843 428063 106782 534845 597379 1132224 1134506
16777216 362618 362618 65421 428040 107024 535065 596963 1132028 1134328
16777216 362943 362943 65044 427987 106553 534540 593631 1128172 1130462
16777216 362708 362708 65017 427725 107362 535087 598596 1133683 1135965
16777216 362911 362911 64882 427793 107801 535594 602041 1137636 1139920
16777216 362677 362677 65188 427866 107507 535373 604495 1139868 1142162
16777216 362953 362953 65223 428176 107942 536119 601613 1137732 1140033
16777216 362800 362800 65246 428047 105777 533824 591928 1125752 1128036
16777216 363191 363191 64867 428059 107254 535314 603649 1138964 1141224
16777216 362496 362496 65323 427820 107057 534878 602452 1137331 1139622
16777216 362858 362858 65080 427939 107429 535368 590826 1126194 1128454
16777216 362751 362751 65326 428077 107835 535912 603223 1139136 1141407
16777216 362917 362917 65112 428029 107271 535301 606821 1142122 1144429
16777216 362501 362501 65329 427830 107040 534871 599615 1134487 1136769
16777216 362880 362880 64923 427804 107072 534876 603643 1138520 1140838
16777216 362699 362699 65178 427877 107539 535416 607882 1143299 1145580
16777216 363098 363098 65021 428120 106833 534953 593696 1128650 1130932
16777216 362775 362775 65237 428012 108569 536581 603378 1139960 1142266
16777216 363446 363446 65027 428473 107331 535804 600633 1136438 1138729
16777216 362981 362981 65271 428252 106410 534663 594271 1128934 1131195
16777216 363093 363093 64767 427860 106415 534276 601109 1135385 1137698
16777216 362900 362900 65126 428026 108061 536088 604717 1140806 1143061
16777216 363225 363225 63799 427024 107310 534335 600845 1135180 1137472
16777216 362609 362609 65113 427723 107418 535141 599820 1134961 1137264
16777216 363151 363151 64801 427953 107984 535937 605458 1141395 1143676
16777216 362603 362603 65092 427696 108061 535757 600009 1135766 1138047
16777216 362356 362356 65214 427570 106687 534257 601745 1136002 1138281
16777216 362621 362621 65147 427769 107373 535143 604350 1139493 1141780
16777216 363234 363234 65166 428400 107900 536300 600782 1137083 1139388
16777216 362783 362783 65232 428015 107526 535542 607304 1142847 1145140
16777216 362951 362951 64762 427713 107868 535581 605740 1141321 1143608
33554432 726529 726529 129928 856458 223815 1080273 1325610 2405884 2410316
33554432 727044 727044 128801 855846 226761 1082607 1344412 2427020 2431558
33554432 725881 725881 131503 857384 223282 1080667 1340511 2421178 2425635
33554432 725938 725938 129722 855661 222033 1077694 1355780 2433475 2437854
33554432 726022 726022 129978 856000 223223 1079224 1327332 2406557 2411118
33554432 725784 725784 129877 855662 222354 1078016 1347491 2425508 2430113
33554432 726402 726402 130354 856757 223464 1080221 1335390 2415611 2420008
33554432 725684 725684 129342 855027 226359 1081387 1350292 2431680 2436197
33554432 726255 726255 130104 856360 221040 1077401 1337752 2415153 2419667
33554432 725554 725554 129336 854891 222541 1077432 1347120 2424552 2428965
33554432 725049 725049 130157 855206 224693 1079900 1331693 2411594 2416162
33554432 726163 726163 130953 857116 224516 1081632 1355394 2437027 2441573
33554432 725970 725970 130242 856212 223352 1079565 1347733 2427299 2431680
33554432 726379 726379 129510 855889 224216 1080106 1348105 2428211 2432774
33554432 726128 726128 131057 857186 220493 1077679 1336619 2414299 2418832
33554432 726037 726037 129206 855243 220622 1075866 1343732 2419598 2423988
33554432 725764 725764 130105 855869 226062 1081932 1336272 2418204 2422777
33554432 726623 726623 130350 856973 224248 1081222 1353804 2435027 2439580
33554432 725836 725836 130196 856033 224486 1080519 1337581 2418101 2422530
33554432 725644 725644 129580 855224 221312 1076536 1359206 2435743 2440322
33554432 726181 726181 131000 857181 223208 1080389 1346544 2426934 2431480
33554432 725450 725450 129918 855368 221835 1077204 1339975 2417180 2421619
33554432 726664 726664 130207 856872 221666 1078538 1336320 2414858 2419438
33554432 724345 724345 130458 854803 223235 1078039 1352121 2430160 2434686
33554432 725634 725634 130337 855972 222669 1078642 1332375 2411017 2415484
33554432 726618 726618 129437 856055 224171 1080226 1360072 2440299 2444858
33554432 726391 726391 131040 857432 223274 1080707 1338226 2418933 2423453
33554432 726400 726400 129913 856314 223113 1079427 1345804 2425232 2429612
33554432 726765 726765 130103 856869 223167 1080036 1338110 2418147 2422717
33554432 725444 725444 130070 855514 223453 1078968 1343837 2422805 2427364
33554432 726162 726162 130127 856290 222896 1079186 1339589 2418776 2423161
33554432 726570 726570 129321 855891 223273 1079164 1337014 2416178 2420783
