8 5 5 7 12 2 15 0 16 16
8 4 4 6 10 3 13 0 13 14
8 4 4 5 9 1 11 0 11 12
8 3 3 5 8 1 10 0 10 10
8 3 3 5 9 2 12 0 12 12
8 3 3 5 8 2 11 0 11 12
8 4 4 5 10 2 12 0 12 13
8 3 3 5 8 1 10 0 10 11
8 4 4 4 8 2 11 0 11 11
8 3 3 5 8 1 10 0 11 11
8 3 3 4 8 2 10 0 11 11
8 3 3 4 8 1 9 0 9 10
8 3 3 4 8 1 9 0 9 10
8 3 3 4 8 1 10 0 10 10
8 3 3 5 9 1 11 0 11 11
8 3 3 5 9 1 10 0 11 11
8 3 3 5 9 2 11 0 11 12
8 3 3 4 8 1 10 0 10 10
8 3 3 5 9 2 11 0 11 12
8 3 3 5 8 1 10 0 10 11
8 3 3 4 7 1 9 0 9 10
8 3 3 4 7 1 9 0 9 9
8 3 3 4 7 1 9 0 9 10
8 4 4 4 8 2 10 0 11 11
8 3 3 4 7 1 8 0 9 9
8 3 3 4 8 2 10 0 10 11
8 3 3 5 8 2 10 0 11 11
8 3 3 5 9 1 10 0 11 11
8 3 3 5 9 1 10 0 11 11
8 3 3 4 7 1 9 0 9 10
8 3 3 4 8 2 10 0 10 10
8 3 3 4 8 1 9 0 10 10
16 4 4 4 8 1 10 0 11 11
16 4 4 5 9 1 11 0 11 11
16 4 4 5 9 2 11 0 12 12
16 4 4 4 9 1 11 0 11 11
16 4 4 5 9 2 11 0 11 12
16 4 4 5 9 2 12 0 12 12
16 4 4 4 9 1 11 0 11 12
16 4 4 5 10 2 12 0 13 13
16 4 4 4 9 2 11 0 12 12
16 4 4 5 10 1 11 0 12 12
16 4 4 6 10 1 12 0 12 13
16 4 4 5 9 2 11 0 11 12
16 4 4 5 9 2 12 0 12 12
16 3 3 4 8 2 11 0 11 11
16 3 3 5 9 2 11 0 11 12
16 3 3 4 8 2 11 0 12 12
16 3 3 5 9 1 10 0 11 11
16 4 4 4 9 1 10 0 10 11
16 4 4 4 9 2 11 0 11 12
16 4 4 4 9 1 10 0 10 11
16 4 4 5 9 1 10 0 11 11
16 4 4 5 9 2 11 0 12 12
16 3 3 5 9 2 11 0 11 12
16 4 4 5 9 2 12 0 12 12
16 4 4 4 8 1 10 0 10 11
16 4 4 4 8 1 10 0 10 10
16 3 3 4 8 2 11 0 11 12
16 3 3 5 8 1 10 0 10 11
16 4 4 4 8 1 10 0 11 11
16 4 4 5 9 1 11 0 11 11
16 4 4 4 9 2 11 0 11 11
16 4 4 5 9 2 12 0 12 12
32 4 4 4 9 1 11 0 11 11
32 4 4 5 10 2 12 0 13 13
32 4 4 5 10 1 11 0 12 12
32 4 4 4 9 2 11 0 12 12
32 4 4 4 9 1 11 0 11 11
32 4 4 4 9 1 11 0 11 11
32 4 4 5 9 2 11 0 11 12
32 4 4 4 9 2 11 0 11 12
32 4 4 4 9 1 10 0 11 11
32 4 4 5 9 2 12 0 12 12
32 4 4 4 8 1 9 0 10 10
32 5 5 5 10 1 11 0 12 12
32 4 4 4 9 1 10 0 11 11
32 4 4 4 8 2 10 0 11 11
32 4 4 5 9 1 11 0 11 12
32 4 4 5 10 4 15 0 15 15
32 4 4 5 9 1 11 0 11 12
32 4 4 4 9 1 10 0 11 11
32 4 4 5 9 1 11 0 11 12
32 4 4 5 9 1 11 0 11 12
32 4 4 4 9 1 10 0 11 11
32 4 4 4 8 1 10 0 10 11
32 4 4 4 9 1 10 0 10 11
32 4 4 5 9 1 11 0 11 12
32 4 4 4 9 1 10 0 11 11
32 4 4 4 9 1 11 0 11 11
32 4 4 4 8 1 10 0 11 11
32 4 4 5 9 1 11 0 11 12
32 4 4 4 9 1 11 0 11 12
32 4 4 4 9 1 11 0 11 12
32 4 4 4 9 1 10 0 11 11
32 4 4 4 9 2 11 0 12 12
64 5 5 4 10 2 12 0 13 13
64 5 5 4 10 1 12 0 12 12
64 5 5 5 10 1 11 0 12 12
64 5 5 4 10 1 12 0 12 12
64 5 5 5 11 1 12 0 13 13
64 5 5 4 10 1 11 0 12 12
64 5 5 4 9 1 11 0 12 12
64 6 6 5 11 1 12 0 13 13
64 5 5 4 10 1 12 0 12 12
64 5 5 4 10 1 11 0 12 12
64 5 5 4 10 2 12 0 13 13
64 5 5 4 10 2 12 0 13 14
64 5 5 5 10 2 13 0 13 14
64 5 5 4 10 1 12 0 13 13
64 5 5 5 11 1 12 0 13 13
64 6 6 4 11 1 12 0 13 13
64 5 5 5 10 2 12 0 13 13
64 5 5 5 10 1 12 0 13 13
64 5 5 5 11 2 14 0 15 15
64 5 5 4 10 1 11 0 12 12
64 5 5 4 10 1 11 0 11 12
64 5 5 4 10 1 11 0 12 12
64 5 5 4 9 1 11 0 12 12
64 5 5 4 10 1 11 0 12 12
64 6 6 5 11 1 13 0 13 13
64 5 5 4 10 3 13 0 14 14
64 5 5 4 9 2 11 0 12 12
64 5 5 4 10 1 11 0 12 12
64 5 5 4 10 1 11 0 12 12
64 5 5 4 9 1 11 0 11 12
64 6 6 5 11 2 13 0 14 14
64 5 5 4 10 1 12 0 12 13
128 7 7 5 13 2 15 1 16 16
128 7 7 4 12 1 14 0 15 16
128 8 8 4 12 1 14 0 15 16
128 7 7 4 12 2 14 0 15 15
128 7 7 5 12 1 14 0 15 16
128 6 6 5 12 1 14 0 15 15
128 7 7 5 12 2 14 0 15 15
128 7 7 4 12 1 14 1 15 15
128 6 6 4 11 2 13 0 14 14
128 6 6 4 10 2 13 0 14 14
128 6 6 4 11 1 13 0 14 14
128 7 7 5 12 2 14 0 15 16
128 7 7 4 12 2 14 1 15 15
128 7 7 4 11 1 13 0 14 15
128 7 7 5 12 2 14 1 16 16
128 7 7 5 12 1 14 0 15 15
128 6 6 5 11 1 13 0 14 14
128 6 6 5 12 2 14 1 15 16
128 7 7 4 12 2 14 0 15 15
128 7 7 5 12 3 15 1 16 17
128 7 7 5 12 1 14 1 15 15
128 7 7 5 13 1 15 1 16 16
128 7 7 4 11 1 13 0 14 15
128 7 7 5 13 3 16 1 17 18
128 7 7 5 13 1 15 0 16 16
128 7 7 4 11 2 14 0 15 15
128 7 7 5 12 1 13 0 14 15
128 7 7 4 12 2 15 1 16 16
128 7 7 4 12 1 13 0 14 15
128 7 7 4 11 2 13 1 14 15
128 6 6 5 12 1 14 0 15 15
128 7 7 5 12 1 14 0 15 15
256 10 10 5 16 2 18 1 20 20
256 9 9 5 15 2 17 1 19 20
256 10 10 5 16 1 17 1 19 20
256 9 9 5 15 2 17 1 19 19
256 10 10 5 15 1 17 1 19 19
256 10 10 5 16 2 18 1 20 20
256 10 10 5 15 2 18 1 20 21
256 10 10 5 15 2 18 2 20 20
256 10 10 5 16 1 18 1 20 20
256 10 10 5 15 2 17 1 19 20
256 10 10 5 16 1 18 1 20 20
256 9 9 5 15 2 17 1 19 19
256 10 10 5 16 1 17 1 19 20
256 10 10 5 16 1 17 1 19 20
256 66 66 6 73 2 75 1 77 77
256 10 10 5 15 2 17 1 19 20
256 10 10 6 17 1 18 1 20 21
256 10 10 5 15 2 17 1 19 20
256 10 10 5 16 1 18 2 20 20
256 11 11 5 16 1 18 1 20 20
256 9 9 5 15 2 17 1 19 20
256 10 10 5 15 2 17 1 19 19
256 10 10 6 16 2 19 2 21 22
256 10 10 14 25 1 26 1 28 29
256 10 10 5 15 2 17 1 19 20
256 10 10 4 15 1 16 1 18 19
256 9 9 5 14 1 16 2 18 19
256 9 9 5 14 2 17 1 19 19
256 9 9 5 15 2 17 1 19 19
256 10 10 5 15 2 17 1 19 20
256 10 10 5 16 1 17 2 19 20
256 9 9 5 14 1 16 1 18 19
512 15 15 5 21 3 24 4 28 28
512 15 15 6 22 2 25 4 29 29
512 15 15 5 21 1 23 4 27 27
512 16 16 6 22 3 25 4 30 30
512 15 15 6 22 2 24 4 29 29
512 15 15 5 21 2 24 4 28 29
512 15 15 5 21 2 23 4 28 29
512 14 14 5 20 2 23 4 27 27
512 14 14 6 20 2 23 4 27 27
512 15 15 5 21 2 23 4 27 27
512 14 14 5 20 2 23 4 27 27
512 15 15 5 21 3 25 4 29 29
512 15 15 6 21 2 24 4 28 28
512 16 16 5 21 2 24 4 28 28
512 15 15 5 21 2 23 4 28 28
512 15 15 5 21 2 24 4 28 28
512 15 15 5 21 2 23 4 27 28
512 15 15 6 21 2 23 4 28 28
512 14 14 6 21 2 23 4 27 28
512 14 14 5 20 2 22 4 26 27
512 16 16 6 22 2 25 4 29 30
512 16 16 6 22 3 25 4 30 30
512 15 15 5 21 2 23 4 27 28
512 15 15 5 21 2 23 4 27 27
512 15 15 6 22 2 24 4 28 29
512 15 15 5 20 2 23 4 28 29
512 15 15 5 20 2 23 4 27 27
512 16 16 5 22 3 25 4 29 29
512 16 16 5 21 2 24 13 38 38
512 15 15 6 22 2 24 4 28 29
512 15 15 6 21 2 23 4 27 28
512 16 16 6 22 1 24 5 29 29
1024 26 26 7 34 3 37 8 46 46
1024 25 25 7 32 3 35 8 44 45
1024 25 25 7 33 3 36 8 45 46
1024 26 26 7 33 3 37 8 46 46
1024 27 27 7 34 3 38 9 47 47
1024 27 27 7 34 3 37 8 46 47
1024 26 26 7 34 3 37 8 46 46
1024 26 26 7 33 3 37 8 46 46
1024 26 26 7 33 3 37 9 46 46
1024 26 26 7 33 2 36 9 46 46
1024 26 26 7 34 3 37 8 46 46
1024 26 26 7 33 3 37 8 46 46
1024 25 25 7 33 2 36 9 45 45
1024 26 26 7 33 3 37 8 46 46
1024 26 26 8 34 3 37 9 46 47
1024 25 25 7 33 4 37 8 46 46
1024 26 26 7 33 2 36 9 45 46
1024 26 26 7 34 3 37 8 46 47
1024 26 26 7 33 2 36 8 45 45
1024 26 26 7 33 3 37 8 45 46
1024 26 26 7 33 2 36 8 45 45
1024 25 25 7 32 3 36 8 45 45
1024 27 27 7 34 3 38 8 47 47
1024 25 25 7 32 3 35 8 44 45
1024 27 27 7 34 3 37 9 47 47
1024 26 26 7 33 3 36 8 45 46
1024 25 25 7 33 3 37 8 46 46
1024 26 26 7 34 2 36 8 45 46
1024 26 26 7 33 3 37 9 46 46
1024 26 26 7 33 4 37 8 46 47
1024 25 25 7 32 3 36 8 45 45
1024 26 26 7 33 3 37 19 57 57
2048 48 48 13 61 6 67 19 86 87
2048 47 47 11 58 5 64 19 83 84
2048 47 47 12 60 5 65 19 84 84
2048 47 47 11 59 5 65 19 84 84
2048 48 48 11 60 5 66 19 85 86
2048 47 47 11 59 4 64 19 83 84
2048 46 46 12 59 5 65 19 84 85
2048 47 47 20 68 4 73 19 93 93
2048 47 47 12 59 4 64 19 84 84
2048 48 48 13 61 4 66 19 86 86
2048 47 47 12 60 5 65 19 84 85
2048 47 47 11 59 4 63 20 84 84
2048 47 47 12 60 5 66 19 86 86
2048 48 48 12 60 5 66 19 86 86
2048 47 47 12 60 4 65 19 84 85
2048 58 58 12 71 4 76 20 96 97
2048 47 47 12 59 5 65 19 84 85
2048 47 47 12 59 5 65 19 85 85
2048 47 47 11 59 5 64 19 83 84
2048 47 47 12 60 4 64 19 84 84
2048 47 47 12 59 5 65 19 84 85
2048 47 47 12 60 4 65 19 84 85
2048 48 48 11 60 4 64 19 84 84
2048 47 47 12 60 4 65 19 84 85
2048 46 46 12 59 4 63 19 83 83
2048 47 47 12 60 5 66 19 85 85
2048 47 47 11 59 6 66 19 85 86
2048 47 47 12 59 5 65 19 84 85
2048 47 47 11 59 5 64 19 83 84
2048 47 47 12 60 5 65 19 84 85
2048 47 47 12 59 4 64 19 83 84
2048 60 60 13 73 4 78 19 97 98
4096 90 90 15 106 8 114 41 156 157
4096 92 92 16 109 7 116 43 160 160
4096 91 91 17 108 8 116 42 159 159
4096 92 92 16 108 8 117 42 159 159
4096 92 92 16 109 9 118 43 161 162
4096 90 90 16 107 7 114 42 157 158
4096 92 92 17 109 9 118 42 161 161
4096 91 91 16 108 7 116 42 158 159
4096 91 91 16 107 8 116 42 159 159
4096 92 92 16 108 8 117 43 161 161
4096 92 92 16 109 8 117 43 160 161
4096 92 92 17 109 8 117 43 161 161
4096 92 92 16 109 7 116 42 159 160
4096 92 92 16 108 8 116 43 159 160
4096 91 91 16 108 8 117 42 159 160
4096 91 91 16 108 8 116 43 159 160
4096 91 91 16 108 7 116 43 159 159
4096 90 90 16 107 8 115 42 158 159
4096 91 91 16 108 9 117 42 159 160
4096 91 91 16 107 9 116 42 159 159
4096 91 91 16 108 8 117 42 160 160
4096 92 92 16 108 7 116 42 158 159
4096 91 91 16 108 7 116 42 158 158
4096 91 91 16 108 8 116 42 159 159
4096 90 90 16 107 8 115 43 158 159
4096 92 92 16 108 8 116 42 159 160
4096 92 92 17 109 8 117 42 160 160
4096 91 91 17 109 8 118 43 161 161
4096 91 91 16 107 9 117 42 159 159
4096 90 90 16 107 8 115 42 157 158
4096 91 91 16 108 8 116 43 159 160
4096 90 90 16 107 7 115 42 158 158
8192 178 178 34 213 16 229 94 323 324
8192 180 180 42 222 14 237 94 332 332
8192 179 179 31 211 17 228 92 321 321
8192 179 179 30 209 15 225 94 319 319
8192 178 178 30 208 15 224 95 319 319
8192 179 179 30 210 15 225 93 319 319
8192 178 178 32 210 15 225 93 319 320
8192 179 179 30 209 15 225 93 319 319
8192 179 179 33 213 15 228 94 322 323
8192 177 177 30 208 14 223 94 317 318
8192 178 178 31 210 14 225 93 318 319
8192 180 180 31 211 14 226 94 321 322
8192 190 190 32 223 15 238 94 332 333
8192 177 177 31 209 14 223 93 317 318
8192 179 179 31 210 15 225 95 320 321
8192 178 178 31 210 15 225 94 320 320
8192 178 178 31 210 15 226 93 319 319
8192 178 178 31 210 15 225 94 319 320
8192 179 179 31 211 15 226 94 321 321
8192 178 178 31 209 14 223 94 318 318
8192 179 179 30 210 14 224 93 318 318
8192 179 179 31 210 14 225 93 319 319
8192 177 177 33 211 14 225 92 317 318
8192 186 186 30 217 15 232 94 326 327
8192 178 178 31 209 15 225 94 320 320
8192 180 180 31 211 15 226 95 322 322
8192 179 179 31 210 15 225 94 320 320
8192 178 178 31 210 15 225 95 320 321
8192 178 178 31 210 14 225 95 321 321
8192 179 179 32 212 15 227 93 321 322
8192 178 178 31 210 14 225 93 318 318
8192 178 178 30 208 15 223 93 317 318
16384 360 360 55 416 30 446 220 666 676
16384 359 359 55 414 29 443 261 704 717
16384 356 356 56 413 28 442 220 662 671
16384 360 360 54 414 29 443 214 658 667
16384 358 358 54 413 28 441 221 663 672
16384 364 364 54 419 29 449 215 664 674
16384 355 355 54 409 30 439 218 658 668
16384 359 359 54 413 28 442 220 662 671
16384 358 358 54 413 28 441 216 657 667
16384 358 358 55 414 29 443 217 660 670
16384 359 359 55 414 30 444 216 661 671
16384 357 357 54 411 28 440 218 659 668
16384 357 357 55 412 28 441 229 670 689
16384 358 358 55 414 31 445 216 662 672
16384 357 357 54 412 29 441 222 663 672
16384 357 357 54 411 29 440 222 663 673
16384 365 365 55 421 32 453 215 669 679
16384 359 359 55 414 30 444 221 665 676
16384 359 359 54 414 29 443 217 661 670
16384 360 360 54 415 29 444 220 665 675
16384 358 358 55 414 28 442 221 664 675
16384 359 359 54 413 28 442 216 659 668
16384 357 357 54 412 29 441 219 661 671
16384 357 357 54 412 28 441 219 660 670
16384 357 357 54 411 29 441 217 658 667
16384 358 358 56 414 29 444 214 658 667
16384 359 359 55 415 30 445 220 666 677
16384 371 371 55 426 29 455 220 676 685
16384 356 356 53 410 30 440 220 661 670
16384 359 359 54 413 30 444 221 665 675
16384 358 358 54 413 29 442 217 660 669
16384 358 358 54 413 30 443 214 658 668
32768 709 709 115 824 63 888 474 1362 1381
32768 710 710 113 823 71 894 504 1399 1419
32768 709 709 112 821 70 892 500 1392 1410
32768 708 708 113 822 64 887 487 1374 1414
32768 707 707 111 819 66 885 483 1369 1386
32768 707 707 111 819 62 881 479 1361 1379
32768 706 706 112 819 63 883 466 1349 1368
32768 707 707 112 819 65 885 473 1359 1378
32768 718 718 113 832 65 898 476 1374 1393
32768 710 710 114 824 67 891 488 1380 1400
32768 717 717 113 830 70 900 486 1387 1405
32768 713 713 113 826 63 889 472 1362 1380
32768 702 702 110 812 67 879 556 1436 1459
32768 708 708 114 822 63 885 480 1366 1385
32768 707 707 113 821 65 886 487 1374 1391
32768 704 704 111 816 67 883 486 1369 1387
32768 701 701 111 813 64 877 477 1354 1373
32768 705 705 110 816 64 880 477 1358 1377
32768 703 703 110 814 68 882 473 1355 1375
32768 719 719 112 832 64 897 478 1375 1393
32768 704 704 112 816 64 881 477 1359 1375
32768 718 718 114 832 67 900 471 1371 1390
32768 707 707 112 820 71 891 503 1395 1413
32768 710 710 111 821 63 885 503 1388 1409
32768 704 704 111 815 65 881 477 1358 1377
32768 706 706 110 816 65 882 481 1363 1381
32768 707 707 113 821 66 888 483 1372 1390
32768 703 703 114 818 68 886 479 1365 1384
32768 718 718 114 832 67 900 488 1388 1406
32768 705 705 112 817 64 881 472 1354 1371
32768 716 716 112 829 63 892 474 1366 1385
32768 709 709 113 822 74 897 486 1384 1401
65536 1419 1419 213 1633 182 1816 1176 2992 3016
65536 1419 1419 213 1633 147 1781 1139 2920 2945
65536 1412 1412 216 1629 153 1783 1155 2938 2966
65536 1409 1409 213 1622 169 1791 1191 2983 3010
65536 1406 1406 215 1622 153 1775 1139 2914 2940
65536 1410 1410 214 1624 151 1776 1121 2897 2918
65536 1424 1424 219 1643 161 1804 1179 2983 3005
65536 1423 1423 217 1641 168 1809 1201 3011 3033
65536 1416 1416 228 1645 161 1806 1170 2976 3001
65536 1410 1410 216 1626 147 1773 1141 2914 2941
65536 1414 1414 217 1632 161 1793 1155 2949 2977
65536 1406 1406 214 1620 150 1771 1142 2913 2938
65536 1413 1413 214 1628 153 1781 1105 2887 2912
65536 1410 1410 214 1624 151 1776 1133 2909 2935
65536 1420 1420 216 1637 154 1792 1155 2947 2971
65536 1412 1412 217 1630 170 1800 1165 2966 2992
65536 1410 1410 216 1627 161 1789 1180 2969 2994
65536 1411 1411 221 1632 155 1787 1094 2881 2922
65536 1406 1406 213 1619 158 1778 1142 2921 2944
65536 1422 1422 219 1641 149 1791 1137 2928 2955
65536 1419 1419 214 1633 154 1787 1120 2908 2931
65536 1425 1425 216 1641 155 1797 1116 2913 2938
65536 1402 1402 213 1615 162 1777 1171 2949 2975
65536 1410 1410 216 1627 151 1778 1141 2919 2946
65536 1414 1414 217 1632 177 1809 1164 2974 2999
65536 1405 1405 217 1623 161 1784 1141 2925 2949
65536 1424 1424 221 1646 156 1803 1207 3010 3033
65536 1422 1422 218 1641 145 1786 1124 2910 2936
65536 1412 1412 225 1637 148 1785 1137 2923 2948
65536 1409 1409 215 1624 158 1783 1128 2911 2939
65536 1413 1413 215 1628 156 1785 1144 2930 2954
65536 1415 1415 216 1632 157 1790 1111 2902 2927
131072 2800 2800 424 3225 429 3654 2471 6126 6158
131072 2827 2827 428 3256 450 3707 2495 6202 6238
131072 2822 2822 423 3245 428 3674 2553 6227 6260
131072 2801 2801 429 3231 431 3663 2494 6158 6189
131072 2844 2844 435 3280 448 3729 2516 6246 6275
131072 2821 2821 428 3249 429 3678 2578 6257 6288
131072 2818 2818 429 3247 424 3672 2509 6181 6213
131072 2824 2824 427 3251 411 3663 2668 6331 6364
131072 2835 2835 433 3268 437 3705 2619 6325 6356
131072 2822 2822 424 3246 469 3715 2568 6284 6314
131072 2821 2821 425 3246 430 3676 2524 6200 6233
131072 2825 2825 433 3259 433 3692 2585 6278 6309
131072 2826 2826 423 3249 441 3691 2553 6244 6274
131072 2829 2829 432 3261 451 3712 2592 6305 6335
131072 2819 2819 419 3239 421 3660 2622 6283 6314
131072 2811 2811 428 3239 408 3648 2548 6197 6226
131072 2832 2832 439 3272 433 3705 2527 6233 6265
131072 2829 2829 424 3254 424 3678 2603 6281 6313
131072 2816 2816 435 3251 439 3690 2526 6216 6248
131072 2826 2826 423 3249 406 3656 2601 6257 6290
131072 2831 2831 425 3256 411 3667 2553 6221 6251
131072 2813 2813 431 3244 406 3650 2527 6178 6207
131072 2828 2828 429 3258 428 3686 2580 6267 6300
131072 2815 2815 424 3239 408 3648 2593 6241 6274
131072 2825 2825 438 3264 414 3678 2567 6246 6276
131072 2804 2804 418 3223 427 3650 2546 6196 6228
131072 2829 2829 424 3253 413 3667 2564 6232 6262
131072 2823 2823 420 3244 410 3655 2519 6174 6205
131072 2819 2819 429 3249 395 3644 2605 6250 6282
131072 2842 2842 430 3272 428 3700 2570 6271 6304
131072 2834 2834 424 3259 389 3648 2627 6276 6306
131072 2814 2814 424 3238 392 3630 2580 6211 6242
262144 5641 5641 872 6513 1070 7584 5353 12938 12980
262144 5608 5608 869 6478 1096 7574 5343 12918 12961
262144 5647 5647 908 6556 1098 7654 5405 13060 13104
262144 5649 5649 886 6536 1118 7655 5378 13033 13079
262144 5653 5653 901 6554 1102 7656 5373 13030 13074
262144 5630 5630 888 6518 1126 7644 5344 12988 13032
262144 5657 5657 872 6530 1084 7614 5414 13028 13072
262144 5605 5605 860 6466 1047 7514 5279 12793 12838
262144 5620 5620 861 6481 1055 7537 5429 12966 13010
262144 5637 5637 864 6502 1038 7540 5294 12835 12880
262144 5640 5640 871 6511 1047 7559 5312 12872 12916
262144 5622 5622 859 6481 1003 7484 5446 12931 12976
262144 5640 5640 864 6504 1046 7550 5392 12943 12985
262144 5607 5607 852 6459 1024 7484 5415 12899 12946
262144 5661 5661 874 6536 1116 7652 5381 13033 13077
262144 5656 5656 860 6517 1038 7555 5353 12909 12954
262144 5625 5625 867 6493 1012 7506 5532 13038 13084
262144 5666 5666 861 6528 1007 7536 5571 13107 13151
262144 5642 5642 854 6497 1014 7511 5405 12917 12960
262144 5601 5601 861 6463 992 7456 5423 12879 12925
262144 5646 5646 858 6504 1015 7519 5463 12983 13025
262144 5635 5635 853 6489 1022 7511 5546 13058 13102
262144 5660 5660 857 6517 1021 7539 5415 12955 12999
262144 5633 5633 861 6494 1027 7522 5442 12964 13010
262144 5625 5625 857 6482 1041 7524 5477 13001 13046
262144 5634 5634 862 6496 982 7479 5532 13012 13059
262144 5606 5606 842 6449 993 7442 5633 13076 13122
262144 5629 5629 856 6485 952 7438 5613 13052 13095
262144 5616 5616 852 6469 953 7423 5475 12898 12945
262144 5641 5641 856 6498 1029 7527 5527 13055 13099
262144 5646 5646 857 6503 1005 7508 5529 13038 13080
262144 5624 5624 847 6472 954 7426 5623 13050 13093
524288 11229 11229 1807 13036 2453 15490 11424 26914 26988
524288 11292 11292 1817 13110 2328 15439 11441 26880 26946
524288 11263 11263 1859 13123 2450 15573 11493 27067 27141
524288 11197 11197 1753 12951 2260 15211 11264 26476 26544
524288 11254 11254 1736 12990 2247 15238 11365 26603 26666
524288 11232 11232 1721 12954 2211 15165 11421 26586 26653
524288 11238 11238 1687 12925 2086 15011 11539 26551 26611
524288 11213 11213 1792 13005 2280 15285 11236 26521 26587
524288 11217 11217 1717 12935 2078 15013 11538 26551 26614
524288 11173 11173 1669 12843 2036 14879 11620 26500 26563
524288 11224 11224 1685 12910 2011 14922 11730 26652 26708
524288 11185 11185 1686 12872 1933 14805 12262 27067 27128
524288 11218 11218 1705 12924 1956 14880 12068 26949 27004
524288 11222 11222 1671 12893 1870 14764 12293 27058 27111
524288 11194 11194 1660 12855 1856 14711 12211 26922 26978
524288 11212 11212 1653 12865 1823 14689 12135 26825 26882
524288 11180 11180 1668 12849 1890 14739 12282 27022 27081
524288 11171 11171 1675 12847 1893 14740 12088 26829 26890
524288 11187 11187 1656 12844 1821 14666 12185 26852 26904
524288 11170 11170 1659 12829 1829 14659 12129 26788 26848
524288 11185 11185 1670 12856 1819 14675 12262 26937 26994
524288 11199 11199 1652 12851 1805 14657 12031 26688 26747
524288 11162 11162 1652 12815 1812 14627 12124 26752 26811
524288 11169 11169 1648 12818 1791 14609 12208 26817 26869
524288 11173 11173 1650 12824 1763 14587 11964 26552 26608
524288 11162 11162 1658 12820 1793 14614 12053 26667 26723
524288 11190 11190 1636 12826 1768 14594 11838 26433 26484
524288 11167 11167 1652 12819 1775 14595 12128 26723 26775
524288 11182 11182 1649 12832 1769 14601 11956 26558 26611
524288 11175 11175 1648 12824 1790 14614 11986 26601 26657
524288 11206 11206 1641 12847 1762 14609 11813 26423 26475
524288 11165 11165 1643 12808 1784 14592 11872 26465 26528
1048576 22376 22376 3423 25800 3606 29406 26515 55922 56009
1048576 22384 22384 3508 25893 3721 29614 27255 56869 56951
1048576 22381 22381 3293 25675 3703 29378 26487 55865 55947
1048576 22390 22390 3493 25884 3707 29591 27074 56665 56763
1048576 22365 22365 3290 25655 3603 29258 26428 55687 55774
1048576 22308 22308 3289 25597 3597 29195 26939 56134 56225
1048576 22352 22352 3266 25618 3501 29120 25963 55083 55163
1048576 22277 22277 3275 25552 3545 29098 26216 55314 55403
1048576 22388 22388 3321 25710 3482 29193 26173 55366 55453
1048576 22346 22346 3278 25625 3492 29118 25825 54943 55023
1048576 22307 22307 3304 25611 3523 29135 26150 55286 55376
1048576 22344 22344 3275 25619 3486 29106 25875 54982 55062
1048576 22281 22281 3272 25554 3501 29055 25809 54865 54955
1048576 22584 22584 3373 25958 3416 29374 25939 55314 55406
1048576 22423 22423 3279 25703 3458 29161 25849 55011 55090
1048576 22307 22307 3247 25554 3467 29021 26182 55204 55278
1048576 22358 22358 3271 25629 3427 29057 25347 54404 54489
1048576 22276 22276 3249 25526 3383 28909 25194 54104 54176
1048576 22340 22340 3266 25606 3445 29052 25639 54691 54770
1048576 22417 22417 3338 25756 3476 29232 25968 55200 55306
1048576 22344 22344 3242 25587 3393 28981 25465 54446 54521
1048576 22379 22379 3283 25662 3464 29127 25323 54450 54541
1048576 22300 22300 3238 25539 3383 28923 25704 54627 54709
1048576 22350 22350 3268 25619 3429 29049 25402 54451 54531
1048576 22268 22268 3248 25517 3385 28903 25301 54204 54276
1048576 22331 22331 3270 25602 3424 29027 25312 54340 54419
1048576 22286 22286 3234 25520 3366 28887 25327 54214 54289
1048576 22347 22347 3244 25592 3432 29024 25203 54227 54305
1048576 22299 22299 3234 25534 3368 28902 25589 54492 54562
1048576 22345 22345 3261 25606 3454 29061 25296 54357 54437
1048576 22258 22258 3237 25495 3373 28869 25173 54042 54114
1048576 22354 22354 3263 25617 3431 29049 25449 54498 54579
2097152 44641 44641 6726 51367 6721 58089 56378 114468 114605
2097152 44897 44897 6770 51667 6977 58644 56681 115326 115478
2097152 44762 44762 6628 51391 6862 58254 56724 114979 115111
2097152 44874 44874 6652 51527 6990 58517 56999 115517 115664
2097152 45190 45190 6917 52108 7316 59424 58160 117584 117772
2097152 44939 44939 6744 51683 7016 58700 57111 115811 115957
2097152 44790 44790 6693 51483 7083 58566 57561 116127 116305
2097152 44839 44839 6612 51452 6950 58402 57175 115577 115729
2097152 44748 44748 6688 51436 7054 58490 57289 115780 115953
2097152 44827 44827 6642 51470 7029 58499 56420 114920 115067
2097152 44756 44756 6662 51418 7101 58520 56889 115410 115590
2097152 44806 44806 6671 51478 6971 58449 57169 115619 115767
2097152 44724 44724 6663 51387 7069 58456 57144 115601 115779
2097152 45059 45059 6762 51821 6920 58742 57571 116313 116457
2097152 45140 45140 6699 51840 7041 58881 56698 115580 115729
2097152 44763 44763 6579 51342 6820 58163 56961 115124 115269
2097152 44849 44849 6652 51502 7052 58554 57037 115591 115740
2097152 44698 44698 6584 51283 6865 58148 56678 114826 114958
2097152 44804 44804 6660 51464 6989 58454 56741 115196 115344
2097152 44701 44701 6606 51308 6839 58147 56789 114936 115068
2097152 44854 44854 6616 51471 6920 58392 56439 114831 114975
2097152 44734 44734 6569 51303 6829 58133 56138 114272 114401
2097152 44837 44837 6655 51492 6934 58427 56183 114611 114757
2097152 44697 44697 6560 51257 7014 58272 55919 114192 114333
2097152 45028 45028 6771 51799 7130 58930 57004 115935 116086
2097152 44776 44776 6640 51417 6811 58228 57277 115505 115637
2097152 44896 44896 6622 51518 6929 58448 56852 115300 115448
2097152 44741 44741 6561 51303 6863 58166 56468 114635 114770
2097152 44830 44830 6657 51488 6956 58444 56384 114828 114976
2097152 44733 44733 6595 51329 6784 58113 56851 114964 115098
2097152 44836 44836 6675 51511 7002 58514 56542 115057 115207
2097152 44710 44710 6617 51327 6821 58149 56958 115107 115241
4194304 89846 89846 13640 103486 16983 120470 123708 244178 244518
4194304 90535 90535 14417 104952 17367 122319 123682 246002 246423
4194304 90432 90432 13951 104384 16994 121378 121733 243112 243441
4194304 90289 90289 13824 104113 17061 121175 123344 244519 244906
4194304 90602 90602 13804 104406 16775 121182 123905 245088 245417
4194304 90483 90483 13597 104080 16858 120939 123464 244403 244820
4194304 90434 90434 13918 104352 17101 121454 122827 244282 244616
4194304 90185 90185 13860 104046 17257 121303 123265 244568 244969
4194304 90564 90564 13724 104289 16974 121263 123091 244355 244690
4194304 90456 90456 13608 104065 16930 120996 124379 245375 245790
4194304 90412 90412 13923 104335 17076 121411 123135 244547 244884
4194304 90282 90282 13895 104177 17111 121289 121373 242662 243047
4194304 90376 90376 14307 104684 17037 121721 122466 244188 244511
4194304 90461 90461 13608 104069 17314 121384 123488 244872 245210
4194304 90129 90129 14152 104282 16590 120873 122271 243144 243446
4194304 90463 90463 13907 104371 17027 121398 123237 244635 244972
4194304 90151 90151 13674 103826 16657 120483 124086 244570 244872
4194304 90614 90614 13792 104406 17201 121607 124783 246391 246723
4194304 90164 90164 13779 103943 16592 120535 121685 242220 242521
4194304 90445 90445 13898 104344 17143 121488 122061 243550 243905
4194304 90272 90272 13930 104202 16351 120553 122885 243439 243731
4194304 90596 90596 13679 104275 17197 121473 123943 245416 245774
4194304 90136 90136 13775 103912 16543 120455 121448 241903 242226
4194304 90447 90447 13832 104279 16885 121164 121375 242540 242884
4194304 90234 90234 13712 103946 16513 120460 121929 242390 242687
4194304 90601 90601 13738 104339 16806 121146 123866 245012 245348
4194304 90222 90222 13778 104001 16768 120769 121259 242029 242335
4194304 90507 90507 13872 104380 17089 121470 123013 244484 244831
4194304 90245 90245 13668 103914 16618 120533 122000 242533 242843
4194304 90601 90601 13773 104374 16849 121224 123416 244641 244969
4194304 90212 90212 13724 103937 16619 120556 122072 242629 242957
4194304 90434 90434 14120 104554 17206 121761 122097 243859 244187
8388608 180540 180540 30607 211148 48906 260054 271812 531866 532740
8388608 181074 181074 29673 210748 49335 260083 273950 534033 534957
8388608 181402 181402 30482 211885 49800 261685 271436 533121 534204
8388608 181839 181839 29283 211122 49900 261023 273864 534887 535975
8388608 181554 181554 29440 210994 50139 261134 270638 531772 532870
8388608 182021 182021 28910 210932 50793 261726 273215 534942 536101
8388608 181540 181540 28630 210171 50216 260387 272320 532708 533822
8388608 182017 182017 28741 210759 50418 261178 275980 537158 538313
8388608 181578 181578 28679 210258 50562 260820 271861 532681 533794
8388608 182140 182140 28877 211017 50933 261950 273617 535567 536718
8388608 181547 181547 28683 210230 50142 260373 272478 532852 533952
8388608 182011 182011 28949 210960 51488 262449 274260 536709 537857
8388608 181659 181659 28907 210567 50092 260660 272388 533048 534184
8388608 182077 182077 28988 211066 50568 261634 274601 536236 537385
8388608 181568 181568 29051 210620 50310 260930 271196 532127 533270
8388608 181958 181958 28948 210907 51390 262298 273901 536200 537342
8388608 181325 181325 28834 210159 51016 261176 270139 531316 532424
8388608 182014 182014 29177 211192 51733 262925 274233 537158 538327
8388608 181399 181399 28937 210336 51093 261430 270774 532204 533335
8388608 181852 181852 29353 211206 53179 264385 273546 537932 539065
8388608 181571 181571 29008 210579 50611 261191 270140 531332 532451
8388608 182076 182076 29249 211325 51647 262972 273885 536858 537988
8388608 181418 181418 28864 210283 51676 261959 270253 532213 533325
8388608 181892 181892 29172 211064 51122 262187 275270 537458 538621
8388608 181438 181438 29024 210462 51063 261526 272089 533616 534724
8388608 181884 181884 29207 211092 51640 262732 273816 536549 537693
8388608 181514 181514 29054 210568 50144 260712 271660 532373 533509
8388608 181906 181906 29427 211334 53246 264580 274025 538605 539790
8388608 181454 181454 29010 210464 50697 261161 272069 533231 534356
8388608 182025 182025 29191 211216 51111 262328 275050 537379 538529
8388608 181377 181377 29028 210406 50747 261153 270479 531633 532761
8388608 182024 182024 29180 211204 51288 262492 274805 537298 538460
16777216 363351 363351 63096 426448 135670 562118 632302 1194421 1196622
16777216 364448 364448 65144 429593 144622 574216 637702 1211918 1214190
16777216 362928 362928 65127 428056 139947 568003 622240 1190244 1192356
16777216 364036 364036 63679 427715 141863 569579 626373 1195952 1198164
16777216 363288 363288 65002 428290 139733 568024 635145 1203169 1205381
16777216 363926 363926 65475 429401 140216 569618 634194 1203813 1205985
16777216 363125 363125 64508 427633 140332 567965 630148 1198113 1200252
16777216 364157 364157 65236 429394 142848 572242 638038 1210280 1212599
16777216 362505 362505 65223 427729 139684 567413 628643 1196057 1198195
16777216 364054 364054 64783 428838 140979 569818 636053 1205871 1208111
16777216 363311 363311 65033 428345 142108 570453 632878 1203332 1205556
16777216 363903 363903 65490 429394 141715 571109 635179 1206289 1208475
16777216 363071 363071 64532 427604 140982 568586 628665 1197252 1199401
16777216 364368 364368 65306 429674 142923 572598 639050 1211649 1213958
16777216 362421 362421 64973 427395 138257 565652 629100 1194753 1196859
16777216 364121 364121 64876 428997 142326 571324 635331 1206655 1208863
16777216 363114 363114 64961 428076 139149 567225 630035 1197261 1199476
16777216 364018 364018 65542 429560 141524 571085 633484 1204570 1206766
16777216 363264 363264 64387 427651 139379 567030 628497 1195528 1197666
16777216 363996 363996 64713 428710 144554 573264 638709 1211973 1214290
16777216 362754 362754 64990 427744 138884 566628 628917 1195546 1197695
16777216 364074 364074 64711 428785 141644 570430 635019 1205450 1207649
16777216 363142 363142 65024 428166 140869 569036 634593 1203630 1205831
16777216 363905 363905 65583 429488 142022 571510 635857 1207368 1209575
16777216 363011 363011 64601 427613 138397 566010 631711 1197721 1199819
16777216 364288 364288 65426 429715 144561 574276 636062 1210338 1212660
16777216 362763 362763 65042 427805 138817 566622 624024 1190647 1192763
16777216 363955 363955 64825 428780 144336 573116 628754 1201871 1204116
16777216 362442 362442 64843 427285 141612 568897 628253 1197151 1199391
16777216 363398 363398 65401 428799 141512 570311 633513 1203825 1206053
16777216 362989 362989 64513 427502 141024 568526 627839 1196366 1198493
16777216 362942 362942 64942 427885 135256 563141 616259 1179401 1181493
33554432 726937 726937 128154 855091 323977 1179068 1439436 2618505 2622308
33554432 727014 727014 128279 855293 331556 1186849 1390327 2577176 2581046
33554432 728803 728803 129363 858167 314692 1172859 1429060 2601920 2605870
33554432 727555 727555 128243 855798 310706 1166505 1394656 2561162 2564931
33554432 729175 729175 128165 857340 319319 1176660 1412987 2589647 2593590
33554432 727023 727023 127820 854843 318669 1173513 1385240 2558754 2562555
33554432 729570 729570 126323 855893 310565 1166459 1416397 2582856 2586895
33554432 727852 727852 127833 855686 319902 1175588 1397063 2572651 2576471
33554432 729471 729471 128336 857807 316144 1173952 1411536 2585489 2589529
33554432 727652 727652 127763 855415 317809 1173225 1392934 2566160 2569980
33554432 728653 728653 128101 856755 319379 1176134 1401570 2577705 2581724
33554432 727636 727636 127854 855490 317696 1173186 1403238 2576425 2580217
33554432 728653 728653 127614 856267 319829 1176096 1407022 2583118 2587078
33554432 726695 726695 127921 854617 308588 1163205 1396750 2559955 2563781
33554432 729340 729340 127629 856970 327056 1184026 1408619 2592645 2596632
33554432 727308 727308 127841 855150 319655 1174805 1389478 2564284 2568114
33554432 729666 729666 128015 857681 322971 1180653 1402619 2583272 2587311
33554432 727495 727495 127094 854589 308714 1163303 1392796 2556100 2559951
33554432 729441 729441 127538 856980 310766 1167746 1429541 2597288 2601287
33554432 727304 727304 127953 855258 303450 1158709 1389112 2547821 2551686
33554432 729542 729542 127940 857483 313444 1170927 1409055 2579983 2583999
33554432 727621 727621 127752 855373 321288 1176662 1395610 2572273 2576158
33554432 729976 729976 127658 857634 326901 1184536 1406509 2591046 2595046
33554432 726941 726941 128144 855085 309445 1164530 1408810 2573340 2577211
33554432 729387 729387 127737 857124 308684 1165809 1408601 2574410 2578463
33554432 727571 727571 127955 855527 306710 1162237 1388406 2550644 2554492
33554432 729322 729322 128119 857442 314178 1171620 1402732 2574353 2578370
33554432 727672 727672 126777 854450 320711 1175162 1387193 2562355 2566170
33554432 729326 729326 128414 857741 323066 1180807 1410095 2590903 2594901
33554432 727307 727307 127906 855214 316497 1171711 1388065 2559777 2563666
33554432 729207 729207 128525 857732 314341 1172073 1424904 2596978 2600975
33554432 727782 727782 127775 855557 306703 1162260 1398393 2560653 2564583
