8 5 5 7 12 1 14 0 15 16
8 3 3 5 8 1 10 0 10 11
8 4 4 4 9 2 11 0 11 12
8 3 3 5 8 2 11 0 11 12
8 3 3 4 8 2 10 0 10 11
8 3 3 5 8 1 10 0 10 10
8 3 3 4 8 1 9 0 9 10
8 3 3 4 8 2 11 0 11 11
8 3 3 4 8 1 10 0 10 10
8 4 4 4 8 1 9 0 9 10
8 3 3 4 7 2 10 0 10 11
8 3 3 4 8 1 9 0 9 9
8 3 3 4 8 1 10 0 10 11
8 3 3 4 8 1 9 0 9 10
8 3 3 4 8 1 10 0 10 10
8 3 3 4 7 1 9 0 9 10
8 3 3 4 7 1 9 0 9 9
8 3 3 4 7 2 10 0 10 10
8 3 3 4 7 1 9 0 9 10
8 3 3 4 8 2 10 0 10 10
8 4 4 5 9 1 11 0 11 11
8 3 3 5 8 1 10 0 10 11
8 3 3 4 7 1 8 0 9 9
8 3 3 4 7 1 9 0 9 10
8 3 3 4 7 1 8 0 8 9
8 3 3 4 7 2 9 0 10 10
8 3 3 5 9 2 11 0 12 12
8 3 3 5 9 1 11 0 11 11
8 3 3 5 9 3 13 0 13 13
8 3 3 4 8 1 9 0 9 9
8 3 3 5 8 2 11 0 11 11
8 3 3 4 8 1 10 0 10 11
16 4 4 5 9 2 11 0 12 12
16 3 3 4 8 1 10 0 10 11
16 4 4 4 8 1 10 0 10 10
16 4 4 4 8 2 10 0 11 11
16 4 4 4 8 2 10 0 11 11
16 3 3 4 8 1 10 0 10 10
16 3 3 4 8 2 11 0 11 12
16 4 4 4 9 2 11 0 12 12
16 4 4 5 9 1 11 0 12 12
16 4 4 4 9 2 11 0 11 12
16 4 4 5 9 1 10 0 10 11
16 4 4 5 9 1 10 0 11 11
16 4 4 5 9 1 11 0 11 11
16 3 3 5 8 2 11 0 11 11
16 4 4 5 9 2 11 0 11 12
16 4 4 5 9 1 11 0 11 12
16 3 3 4 7 1 9 0 9 10
16 3 3 4 8 1 9 0 10 10
16 4 4 5 9 2 12 0 12 12
16 4 4 5 9 2 12 0 12 12
16 4 4 5 9 1 11 0 11 11
16 4 4 4 8 2 11 0 11 11
16 4 4 4 9 1 10 0 10 11
16 4 4 4 8 2 11 0 11 11
16 30 30 5 35 1 37 0 37 38
16 4 4 4 8 1 10 0 10 11
16 3 3 4 8 1 10 0 10 10
16 4 4 5 9 1 11 0 11 11
16 3 3 4 7 2 10 0 10 10
16 4 4 4 8 1 10 0 10 10
16 3 3 4 8 1 10 0 10 10
16 3 3 4 8 2 11 0 11 12
32 4 4 4 9 3 13 0 13 13
32 4 4 5 9 2 12 0 13 13
32 4 4 4 8 1 10 0 10 10
32 4 4 4 8 2 10 0 11 11
32 4 4 4 9 1 11 0 11 11
32 4 4 4 9 1 11 0 11 11
32 4 4 5 9 2 11 0 12 12
32 4 4 4 9 1 10 0 11 11
32 4 4 4 9 2 11 0 11 12
32 4 4 5 9 1 11 0 11 12
32 4 4 5 9 2 11 0 12 12
32 4 4 4 8 1 9 0 10 10
32 4 4 4 8 2 10 0 11 11
32 4 4 5 9 2 11 0 12 12
32 4 4 5 9 2 11 0 11 12
32 4 4 5 9 2 11 0 12 12
32 4 4 5 10 2 12 0 13 13
32 4 4 5 9 2 11 0 12 12
32 5 5 5 10 1 11 0 12 12
32 4 4 4 9 2 11 0 12 12
32 4 4 4 8 1 9 0 9 10
32 4 4 4 8 1 9 0 10 10
32 4 4 4 9 2 11 0 12 12
32 4 4 4 9 2 12 0 12 12
32 4 4 4 8 2 10 0 11 11
32 4 4 4 9 2 11 0 11 12
32 4 4 4 8 1 10 0 10 11
32 4 4 4 8 2 11 0 11 12
32 4 4 4 9 2 11 0 11 12
32 5 5 4 9 1 11 0 11 11
32 4 4 5 9 1 10 0 11 11
32 4 4 4 8 1 10 0 10 11
64 5 5 4 10 1 12 0 12 12
64 5 5 5 10 1 12 0 13 13
64 5 5 4 10 1 11 0 12 12
64 5 5 4 9 2 11 0 12 12
64 5 5 4 10 1 12 0 12 13
64 5 5 4 10 1 12 0 12 13
64 5 5 5 10 2 12 0 13 13
64 5 5 4 10 1 11 0 12 12
64 5 5 4 9 1 11 0 11 12
64 5 5 4 10 2 12 0 13 13
64 6 6 4 10 1 12 0 12 13
64 5 5 4 10 2 12 0 13 13
64 6 6 4 11 1 13 0 13 14
64 6 6 4 10 2 13 0 13 14
64 5 5 5 11 2 13 0 14 14
64 5 5 5 11 1 12 0 13 14
64 5 5 4 10 1 11 0 12 12
64 5 5 5 10 2 13 0 13 14
64 6 6 5 11 2 14 0 15 15
64 5 5 4 10 2 13 0 13 14
64 5 5 4 10 1 11 0 12 12
64 5 5 4 10 1 11 0 12 12
64 5 5 4 10 2 12 0 12 12
64 5 5 4 10 1 12 0 12 13
64 5 5 5 11 1 12 0 13 13
64 5 5 4 10 1 11 0 12 12
64 5 5 4 9 1 11 0 11 12
64 6 6 5 11 1 13 0 13 14
64 5 5 4 10 1 11 0 12 12
64 5 5 4 10 2 12 0 13 13
64 4 4 4 9 1 11 0 11 12
64 5 5 4 9 1 11 0 12 12
128 7 7 4 12 1 13 1 14 15
128 7 7 4 12 1 14 1 15 16
128 7 7 5 13 2 15 1 17 17
128 7 7 4 11 1 12 1 14 14
128 7 7 4 12 2 14 1 15 16
128 7 7 4 12 1 13 1 14 15
128 6 6 4 11 1 12 1 13 14
128 7 7 4 11 2 13 1 15 15
128 7 7 4 12 2 14 1 15 16
128 7 7 4 12 1 13 1 15 15
128 6 6 4 10 1 12 1 13 13
128 7 7 4 11 2 14 1 15 16
128 7 7 5 12 2 15 1 16 16
128 6 6 5 12 2 14 1 15 16
128 6 6 4 10 1 12 1 13 13
128 7 7 4 11 2 13 1 14 15
128 6 6 4 10 1 12 1 14 14
128 7 7 4 12 2 14 1 15 15
128 7 7 4 11 2 14 1 15 15
128 6 6 4 10 1 12 1 13 14
128 6 6 4 11 1 12 1 14 14
128 6 6 4 11 2 13 1 14 15
128 6 6 5 12 2 14 1 15 16
128 7 7 4 12 3 15 1 16 17
128 7 7 5 12 2 15 1 16 16
128 6 6 4 11 1 13 1 14 15
128 6 6 4 11 1 13 1 14 15
128 6 6 4 10 2 12 1 14 14
128 6 6 4 10 1 12 1 13 13
128 6 6 4 11 1 13 1 14 14
128 6 6 5 12 2 14 1 15 15
128 7 7 5 12 2 14 1 15 16
256 10 10 5 16 2 18 2 20 21
256 10 10 5 15 1 17 2 19 20
256 10 10 4 15 2 17 2 20 20
256 9 9 4 14 1 16 2 18 19
256 9 9 4 13 2 16 2 18 18
256 8 8 4 12 1 14 2 17 17
256 8 8 4 13 3 16 2 19 19
256 10 10 5 16 2 18 2 20 21
256 10 10 5 16 2 18 2 20 21
256 10 10 4 15 1 17 2 19 20
256 10 10 5 16 2 18 2 20 21
256 10 10 5 16 2 18 2 21 21
256 10 10 5 15 2 18 2 20 21
256 10 10 5 15 2 18 2 20 20
256 9 9 5 15 2 18 2 20 21
256 10 10 5 15 1 17 2 20 20
256 10 10 5 15 1 16 2 19 20
256 10 10 5 16 2 18 2 21 21
256 10 10 5 16 2 18 2 20 21
256 10 10 5 15 1 17 2 19 20
256 10 10 5 15 2 18 2 20 21
256 10 10 4 15 2 17 2 19 20
256 10 10 5 15 2 18 2 20 20
256 10 10 5 15 2 17 2 20 20
256 10 10 5 16 2 18 2 21 21
256 10 10 5 15 1 17 2 20 20
256 10 10 4 15 1 17 2 19 20
256 10 10 4 15 2 17 2 19 20
256 9 9 4 14 1 16 2 18 19
256 10 10 4 15 2 17 2 19 20
256 10 10 5 15 1 17 2 19 20
256 10 10 4 15 2 17 2 19 20
512 15 15 6 21 2 23 5 29 29
512 16 16 6 22 2 25 5 31 31
512 16 16 5 21 2 24 5 29 30
512 16 16 5 22 2 24 5 29 30
512 15 15 5 21 2 24 5 29 29
512 15 15 6 21 2 24 5 29 30
512 15 15 6 21 2 24 5 30 30
512 15 15 5 20 2 23 5 28 28
512 16 16 5 22 2 24 5 30 30
512 15 15 5 21 1 23 5 28 29
512 15 15 5 21 2 23 5 28 28
512 15 15 5 21 3 24 5 29 30
512 15 15 5 21 2 23 5 29 29
512 15 15 5 21 1 22 5 28 28
512 15 15 5 21 3 24 5 30 30
512 15 15 6 21 2 24 5 29 30
512 15 15 5 21 2 23 5 28 29
512 16 16 6 22 2 25 5 30 31
512 15 15 5 21 2 24 5 29 29
512 16 16 6 22 2 24 5 29 30
512 15 15 5 21 3 24 5 29 30
512 15 15 5 20 2 22 5 28 28
512 16 16 5 21 2 24 5 29 30
512 15 15 5 20 2 23 5 28 29
512 15 15 5 20 2 23 5 28 29
512 15 15 6 21 2 23 5 29 29
512 16 16 6 22 2 24 5 30 30
512 16 16 6 22 2 25 5 30 31
512 15 15 5 21 2 23 5 29 29
512 15 15 5 21 2 24 5 29 30
512 15 15 5 21 2 24 5 29 30
512 16 16 5 21 3 25 5 30 30
1024 26 26 7 34 3 38 11 49 50
1024 25 25 6 32 3 35 11 47 47
1024 26 26 7 33 4 37 11 49 50
1024 26 26 7 33 4 37 11 49 49
1024 25 25 7 33 3 36 11 48 49
1024 26 26 7 33 3 36 11 48 48
1024 26 26 7 33 3 36 11 48 49
1024 27 27 8 35 2 38 11 49 50
1024 26 26 6 33 4 37 11 49 49
1024 26 26 6 33 3 36 11 48 49
1024 26 26 7 33 3 37 11 49 49
1024 26 26 7 34 4 38 11 50 50
1024 26 26 6 33 2 36 11 48 48
1024 26 26 7 33 4 37 11 49 50
1024 26 26 7 33 3 37 11 49 49
1024 26 26 7 33 3 36 11 48 48
1024 25 25 6 32 3 35 11 47 48
1024 26 26 7 33 3 37 11 49 49
1024 26 26 6 33 3 36 11 48 49
1024 25 25 7 32 3 36 11 48 48
1024 26 26 7 33 3 37 11 49 49
1024 26 26 7 33 2 35 11 47 48
1024 27 27 7 34 3 38 11 49 50
1024 26 26 6 32 3 36 11 48 48
1024 25 25 6 32 2 35 11 47 47
1024 26 26 7 34 4 38 11 49 50
1024 26 26 7 34 3 38 11 49 50
1024 27 27 7 34 3 37 11 49 49
1024 26 26 7 33 3 36 11 48 48
1024 27 27 6 34 2 36 11 48 49
1024 26 26 7 34 3 37 11 49 49
1024 26 26 16 42 3 46 11 57 58
2048 47 47 11 59 5 64 25 90 90
2048 47 47 11 58 5 63 25 89 89
2048 46 46 11 58 4 63 25 88 89
2048 46 46 12 58 4 63 25 89 89
2048 47 47 11 58 5 63 25 89 89
2048 47 47 11 58 5 63 25 89 89
2048 47 47 11 59 5 64 25 90 90
2048 55 55 12 67 4 72 25 98 98
2048 47 47 12 59 4 64 25 90 90
2048 47 47 11 59 5 64 25 89 90
2048 47 47 12 59 5 64 25 90 90
2048 47 47 11 59 5 64 25 90 90
2048 48 48 12 60 4 65 25 90 91
2048 47 47 13 61 4 66 25 91 91
2048 47 47 12 59 4 64 25 89 90
2048 58 58 12 71 4 75 25 101 101
2048 47 47 11 59 5 64 25 90 90
2048 47 47 12 59 4 64 25 90 91
2048 47 47 11 59 5 65 25 90 91
2048 47 47 12 59 6 66 25 91 92
2048 47 47 12 60 4 64 25 90 90
2048 47 47 11 59 4 63 25 89 89
2048 46 46 11 58 4 63 25 88 89
2048 47 47 11 59 5 64 25 89 90
2048 46 46 12 59 6 65 25 91 91
2048 46 46 11 58 5 63 25 89 89
2048 46 46 11 58 4 63 25 88 89
2048 47 47 11 58 5 63 25 89 90
2048 47 47 11 59 4 64 25 89 90
2048 47 47 12 60 5 65 25 91 91
2048 47 47 11 59 4 64 25 90 90
2048 47 47 12 60 4 65 25 90 90
4096 92 92 24 117 8 125 56 181 182
4096 93 93 17 110 7 118 55 174 174
4096 93 93 16 109 7 117 55 172 173
4096 91 91 16 107 9 117 55 172 173
4096 92 92 17 109 7 117 55 172 173
4096 91 91 15 106 9 116 55 171 172
4096 91 91 16 108 7 116 55 171 172
4096 90 90 15 106 8 115 55 170 171
4096 91 91 15 107 8 115 56 171 172
4096 92 92 16 108 8 116 55 171 172
4096 92 92 16 109 8 118 56 174 174
4096 92 92 16 109 8 117 55 173 173
4096 91 91 17 109 8 117 55 173 173
4096 92 92 16 108 8 117 55 173 173
4096 92 92 17 109 8 117 55 172 173
4096 92 92 16 108 8 116 56 172 173
4096 91 91 15 107 8 115 55 171 171
4096 91 91 16 108 8 116 55 172 173
4096 91 91 17 109 8 118 55 173 173
4096 91 91 16 108 8 117 55 172 173
4096 91 91 16 107 7 115 55 171 171
4096 91 91 16 107 8 116 55 172 172
4096 92 92 15 108 8 116 55 172 172
4096 91 91 16 108 8 116 55 172 173
4096 91 91 15 107 8 116 55 171 171
4096 92 92 16 108 8 116 56 172 173
4096 91 91 16 107 8 116 55 172 172
4096 91 91 15 107 9 117 55 173 173
4096 91 91 16 107 8 116 55 171 172
4096 91 91 16 107 8 116 55 172 172
4096 92 92 17 109 7 117 55 173 173
4096 92 92 16 108 8 117 55 172 173
8192 179 179 30 210 16 226 122 348 349
8192 188 188 32 220 15 235 122 358 358
8192 178 178 31 210 14 225 121 346 347
8192 178 178 30 209 15 224 122 346 347
8192 179 179 30 210 14 225 121 346 347
8192 178 178 30 209 16 226 121 347 348
8192 178 178 30 209 15 224 132 357 358
8192 179 179 30 209 14 224 122 346 346
8192 179 179 30 210 14 224 121 346 347
8192 178 178 30 209 15 224 122 346 346
8192 177 177 30 208 14 223 121 345 346
8192 178 178 30 208 15 224 122 346 347
8192 177 177 31 208 14 223 121 345 346
8192 179 179 30 210 15 225 121 346 347
8192 178 178 31 209 15 225 121 347 348
8192 178 178 30 209 14 224 122 346 347
8192 177 177 29 207 15 222 121 343 344
8192 178 178 30 209 14 224 122 346 346
8192 179 179 30 210 15 225 122 347 348
8192 179 179 29 209 15 225 121 346 347
8192 179 179 31 211 14 226 122 349 349
8192 179 179 30 209 15 224 121 346 347
8192 190 190 31 222 15 237 121 359 360
8192 179 179 31 211 15 226 121 348 349
8192 179 179 30 210 15 225 122 347 348
8192 178 178 30 209 15 224 121 346 347
8192 179 179 30 210 14 224 121 346 347
8192 179 179 30 210 15 225 131 356 357
8192 179 179 30 210 15 225 121 346 347
8192 178 178 30 209 15 224 121 345 346
8192 179 179 31 210 14 224 122 347 347
8192 179 179 30 210 15 225 121 347 347
16384 358 358 54 413 28 442 320 762 773
16384 357 357 54 412 28 441 271 713 722
16384 357 357 54 412 29 441 275 717 727
16384 356 356 54 410 28 439 270 710 720
16384 355 355 55 411 29 440 274 715 724
16384 358 358 56 415 29 444 276 721 730
16384 358 358 56 414 29 444 277 721 732
16384 357 357 54 411 30 441 308 750 759
16384 359 359 54 414 29 444 277 721 731
16384 356 356 55 412 29 442 276 718 728
16384 358 358 54 412 29 442 276 719 728
16384 356 356 55 412 29 442 272 714 724
16384 359 359 55 415 29 445 277 722 733
16384 355 355 54 410 29 440 274 714 724
16384 357 357 55 412 29 442 312 754 764
16384 358 358 54 412 29 442 274 717 726
16384 358 358 54 412 30 443 275 719 729
16384 358 358 53 412 29 442 276 718 727
16384 368 368 54 422 29 451 276 727 736
16384 355 355 55 411 29 441 275 716 725
16384 357 357 54 411 28 440 276 717 726
16384 359 359 55 414 29 444 288 732 742
16384 356 356 54 411 29 441 276 717 726
16384 358 358 55 413 29 443 275 718 727
16384 357 357 55 412 30 442 275 718 727
16384 365 365 55 420 28 449 275 725 736
16384 357 357 54 412 29 441 276 718 727
16384 356 356 54 411 28 440 275 715 724
16384 356 356 54 411 29 441 284 726 736
16384 354 354 55 410 29 439 274 714 724
16384 358 358 55 414 28 443 277 720 730
16384 359 359 55 414 30 444 276 720 731
32768 714 714 112 827 62 889 597 1486 1506
32768 706 706 113 819 66 885 595 1481 1500
32768 719 719 114 834 69 903 598 1502 1521
32768 702 702 113 816 67 883 597 1481 1500
32768 716 716 116 833 69 903 595 1498 1517
32768 706 706 110 817 63 880 590 1471 1490
32768 750 750 116 867 66 934 600 1534 1552
32768 709 709 111 820 64 885 600 1485 1501
32768 727 727 112 840 78 919 632 1552 1569
32768 708 708 112 821 69 890 600 1490 1510
32768 705 705 122 828 68 896 591 1488 1507
32768 709 709 114 823 67 890 607 1498 1515
32768 710 710 113 823 78 901 626 1528 1548
32768 706 706 113 819 65 885 593 1478 1497
32768 706 706 114 821 67 888 611 1500 1519
32768 709 709 113 823 69 892 617 1509 1528
32768 706 706 115 821 64 886 618 1504 1524
32768 705 705 114 819 68 887 604 1492 1511
32768 709 709 115 825 67 892 621 1514 1535
32768 706 706 113 820 67 887 595 1483 1501
32768 704 704 112 816 67 884 608 1492 1511
32768 705 705 111 816 63 879 594 1474 1494
32768 709 709 111 821 65 886 596 1483 1500
32768 709 709 113 822 63 886 600 1487 1505
32768 706 706 111 817 63 881 599 1481 1500
32768 707 707 112 819 70 890 605 1495 1514
32768 705 705 110 816 64 880 598 1478 1496
32768 708 708 114 822 71 894 599 1493 1513
32768 706 706 112 818 64 882 594 1477 1495
32768 705 705 112 818 64 882 596 1479 1498
32768 707 707 115 822 64 887 600 1487 1506
32768 716 716 112 829 65 894 597 1491 1510
65536 1412 1412 214 1626 163 1789 1453 3242 3269
65536 1403 1403 213 1617 154 1771 1375 3147 3172
65536 1410 1410 216 1627 149 1776 1410 3187 3211
65536 1405 1405 213 1619 150 1769 1406 3176 3199
65536 1417 1417 217 1634 149 1784 1416 3201 3224
65536 1407 1407 215 1622 148 1771 1432 3203 3226
65536 1419 1419 216 1636 150 1786 1386 3172 3196
65536 1415 1415 213 1628 152 1780 1440 3221 3243
65536 1423 1423 215 1639 147 1787 1384 3172 3193
65536 1411 1411 226 1637 164 1802 1450 3252 3276
65536 1407 1407 212 1619 171 1791 1405 3196 3220
65536 1410 1410 218 1628 148 1777 1418 3196 3222
65536 1408 1408 218 1627 175 1803 1455 3259 3284
65536 1408 1408 211 1619 164 1784 1443 3228 3254
65536 1404 1404 214 1618 153 1772 1419 3191 3216
65536 1407 1407 215 1622 145 1768 1385 3154 3176
65536 1409 1409 217 1626 156 1783 1421 3205 3227
65536 1418 1418 217 1636 163 1799 1424 3223 3247
65536 1411 1411 212 1624 151 1776 1348 3124 3148
65536 1421 1421 214 1635 152 1787 1379 3167 3190
65536 1413 1413 214 1628 148 1776 1357 3134 3157
65536 1421 1421 215 1637 162 1800 1388 3188 3211
65536 1410 1410 213 1624 142 1766 1426 3193 3217
65536 1407 1407 211 1618 154 1773 1402 3175 3200
65536 1408 1408 216 1625 149 1774 1401 3176 3200
65536 1409 1409 215 1624 151 1775 1372 3148 3172
65536 1405 1405 213 1619 159 1778 1399 3178 3202
65536 1410 1410 213 1623 148 1772 1363 3135 3158
65536 1415 1415 218 1633 150 1784 1402 3186 3209
65536 1433 1433 217 1651 150 1801 1379 3181 3206
65536 1421 1421 213 1634 153 1788 1382 3171 3195
65536 1403 1403 220 1623 148 1772 1369 3141 3165
131072 2821 2821 426 3248 407 3655 3043 6699 6731
131072 2827 2827 429 3256 442 3698 3011 6709 6748
131072 2797 2797 426 3224 466 3691 2961 6652 6684
131072 2820 2820 434 3254 442 3697 3042 6740 6771
131072 2827 2827 426 3253 414 3667 3063 6731 6764
131072 2823 2823 435 3258 420 3678 3032 6711 6743
131072 2812 2812 424 3236 410 3647 3024 6671 6702
131072 2783 2783 415 3198 389 3588 3096 6685 6716
131072 2825 2825 427 3253 408 3661 3036 6697 6729
131072 2826 2826 429 3255 409 3665 2984 6649 6681
131072 2817 2817 420 3237 424 3662 3054 6717 6757
131072 2809 2809 436 3246 404 3651 3077 6728 6759
131072 2802 2802 420 3223 392 3616 3076 6693 6722
131072 2805 2805 419 3225 408 3633 3024 6658 6689
131072 2807 2807 418 3226 391 3618 3076 6694 6725
131072 2836 2836 421 3258 406 3665 3080 6745 6776
131072 2816 2816 433 3250 432 3682 3083 6766 6797
131072 2822 2822 424 3246 409 3655 3057 6713 6743
131072 2834 2834 424 3259 403 3662 3108 6771 6803
131072 2825 2825 418 3243 412 3656 3066 6722 6752
131072 2820 2820 421 3242 402 3644 3129 6774 6807
131072 2814 2814 421 3235 410 3646 3017 6663 6693
131072 2821 2821 424 3245 407 3653 3108 6761 6791
131072 2820 2820 426 3246 421 3668 3070 6739 6771
131072 2814 2814 418 3232 390 3623 3073 6696 6726
131072 2823 2823 423 3247 399 3647 3130 6777 6811
131072 2795 2795 418 3213 419 3633 3050 6683 6715
131072 2827 2827 428 3256 396 3652 3093 6745 6779
131072 2802 2802 416 3218 406 3625 3105 6731 6761
131072 2809 2809 426 3235 397 3632 3029 6662 6693
131072 2824 2824 426 3250 402 3653 3076 6730 6771
131072 2812 2812 420 3232 425 3657 3109 6767 6796
262144 5623 5623 874 6498 1054 7553 6307 13860 13905
262144 5609 5609 886 6495 1020 7516 6349 13865 13942
262144 5622 5622 876 6499 1079 7578 6265 13844 13888
262144 5643 5643 871 6514 1096 7611 6370 13981 14027
262144 5635 5635 871 6507 1102 7610 6267 13878 13927
262144 5656 5656 889 6545 1075 7620 6446 14066 14114
262144 5630 5630 870 6500 1015 7516 6368 13885 13929
262144 5639 5639 852 6491 985 7477 6463 13941 13985
262144 5639 5639 852 6492 1017 7509 6431 13941 13985
262144 5631 5631 894 6525 1112 7638 6493 14132 14178
262144 5630 5630 856 6487 979 7466 6385 13852 13901
262144 5612 5612 879 6492 1112 7604 6318 13923 13966
262144 5608 5608 837 6445 1000 7446 6458 13904 13952
262144 5654 5654 856 6511 1057 7569 6379 13948 13992
262144 5604 5604 857 6462 1021 7483 6394 13878 13924
262144 5636 5636 860 6497 1033 7531 6459 13991 14038
262144 5652 5652 871 6524 1060 7585 6457 14042 14088
262144 5630 5630 861 6492 1029 7521 6469 13990 14036
262144 5649 5649 849 6499 975 7475 6573 14048 14091
262144 5618 5618 858 6476 973 7450 6576 14027 14071
262144 5641 5641 852 6493 1015 7508 6465 13973 14018
262144 5603 5603 855 6459 994 7453 6293 13747 13789
262144 5618 5618 838 6457 968 7425 6560 13986 14029
262144 5611 5611 860 6471 986 7458 6351 13810 13856
262144 5634 5634 869 6504 982 7487 6343 13830 13874
262144 5639 5639 859 6498 996 7495 6448 13943 13989
262144 5653 5653 855 6508 995 7504 6582 14086 14130
262144 5637 5637 859 6496 1015 7511 6428 13939 13985
262144 5624 5624 840 6465 933 7398 6583 13982 14025
262144 5603 5603 861 6464 983 7447 6376 13824 13867
262144 5600 5600 852 6453 983 7437 6436 13873 13917
262144 5621 5621 848 6470 947 7418 6558 13977 14018
524288 11264 11264 1857 13121 2356 15478 13635 29114 29185
524288 11238 11238 1801 13040 2320 15360 13337 28698 28755
524288 11282 11282 1771 13053 2359 15413 13352 28765 28831
524288 11273 11273 1848 13122 2448 15570 13686 29256 29326
524288 11245 11245 1715 12960 2175 15136 13375 28512 28572
524288 11217 11217 1726 12944 2194 15138 13409 28548 28611
524288 11218 11218 1690 12908 2071 14980 13557 28538 28601
524288 11212 11212 1679 12892 2057 14950 13562 28513 28572
524288 11286 11286 1743 13030 2230 15260 13307 28568 28634
524288 11220 11220 1675 12895 1999 14895 13687 28582 28643
524288 11197 11197 1686 12884 1981 14866 13870 28736 28793
524288 11221 11221 1695 12917 2060 14978 13650 28628 28689
524288 11168 11168 1668 12837 1871 14709 14243 28952 29010
524288 11215 11215 1670 12885 1857 14742 14356 29098 29156
524288 11270 11270 1716 12986 2031 15018 13809 28828 28885
524288 11220 11220 1658 12878 1860 14739 14518 29258 29313
524288 11183 11183 1657 12841 1863 14704 14255 28959 29017
524288 11216 11216 1690 12907 1934 14841 14037 28879 28939
524288 11174 11174 1671 12846 1780 14626 14345 28972 29026
524288 11211 11211 1638 12849 1794 14643 14345 28989 29044
524288 11189 11189 1640 12829 1784 14613 14246 28860 28934
524288 11172 11172 1652 12824 1758 14583 14445 29029 29089
524288 11150 11150 1635 12786 1763 14550 14288 28838 28893
524288 11209 11209 1670 12879 1838 14718 14461 29180 29240
524288 11201 11201 1640 12842 1759 14601 14314 28915 28968
524288 11195 11195 1650 12845 1840 14685 14461 29146 29203
524288 11158 11158 1650 12808 1738 14547 14323 28870 28924
524288 11192 11192 1628 12821 1735 14556 14132 28689 28742
524288 11153 11153 1637 12790 1735 14525 14232 28758 28800
524288 11182 11182 1656 12838 1747 14586 14236 28823 28879
524288 11151 11151 1634 12785 1716 14502 14232 28734 28788
524288 11182 11182 1636 12818 1710 14529 14287 28816 28872
1048576 22379 22379 3537 25917 3821 29739 30317 60056 60156
1048576 22346 22346 3440 25786 3682 29469 30984 60453 60542
1048576 22442 22442 3399 25841 3638 29479 31492 60972 61058
1048576 22297 22297 3270 25567 3517 29084 30517 59602 59686
1048576 22336 22336 3256 25592 3477 29069 30410 59480 59560
1048576 22280 22280 3252 25532 3422 28955 30614 59569 59656
1048576 22323 22323 3237 25561 3396 28957 29889 58846 58934
1048576 22306 22306 3247 25554 3380 28935 29703 58638 58724
1048576 22725 22725 3443 26168 3571 29740 31083 60823 60913
1048576 22749 22749 3427 26176 3541 29717 31181 60898 60989
1048576 22686 22686 3446 26133 3488 29621 30813 60435 60534
1048576 22428 22428 3314 25743 3384 29128 29932 59060 59152
1048576 22406 22406 3307 25713 3493 29207 30810 60017 60099
1048576 22308 22308 3306 25615 3514 29129 30395 59525 59618
1048576 22361 22361 3262 25624 3390 29015 30353 59368 59448
1048576 22386 22386 3300 25687 3462 29149 30409 59559 59644
1048576 22332 22332 3253 25586 3370 28957 29960 58917 58996
1048576 22308 22308 3238 25547 3341 28888 29337 58226 58304
1048576 22368 22368 3266 25634 3472 29106 30346 59453 59535
1048576 22671 22671 3442 26113 3437 29551 31005 60557 60652
1048576 22353 22353 3287 25641 3404 29046 30274 59320 59401
1048576 22419 22419 3333 25753 3440 29193 30358 59552 59635
1048576 22344 22344 3295 25640 3497 29138 30384 59522 59608
1048576 22323 22323 3265 25589 3370 28960 30066 59027 59110
1048576 22387 22387 3287 25675 3488 29164 30306 59470 59551
1048576 22314 22314 3246 25561 3354 28916 29588 58505 58583
1048576 22370 22370 3259 25630 3451 29081 30003 59085 59170
1048576 22305 22305 3240 25545 3372 28918 29953 58871 58949
1048576 22358 22358 3278 25636 3435 29072 29919 58991 59084
1048576 22333 22333 3265 25598 3377 28976 30088 59065 59152
1048576 22445 22445 3311 25757 3410 29168 30296 59464 59556
1048576 22342 22342 3262 25605 3348 28953 29420 58373 58450
2097152 44857 44857 6892 51749 6898 58648 65599 124248 124419
2097152 44842 44842 6723 51566 6827 58393 64998 123391 123566
2097152 45325 45325 6770 52096 7123 59220 65984 125204 125388
2097152 45013 45013 6746 51759 6918 58677 65349 124027 124171
2097152 44949 44949 6709 51658 7119 58777 66063 124841 124993
2097152 44756 44756 6632 51389 6862 58251 65736 123988 124134
2097152 44866 44866 6660 51527 7083 58610 65903 124513 124670
2097152 44816 44816 6580 51396 6784 58181 64879 123060 123205
2097152 44908 44908 6629 51537 7024 58562 66234 124796 124948
2097152 44758 44758 6633 51392 6752 58144 65209 123354 123500
2097152 44876 44876 6651 51528 7029 58558 65555 124113 124265
2097152 44770 44770 6627 51398 6792 58191 65663 123854 123998
2097152 44671 44671 6454 51125 6940 58066 64692 122759 122894
2097152 44880 44880 6665 51546 6937 58483 65641 124125 124276
2097152 44745 44745 6628 51373 6788 58161 65685 123847 123990
2097152 44939 44939 6623 51563 6941 58504 66084 124589 124739
2097152 44801 44801 6633 51434 6800 58234 65316 123551 123693
2097152 44885 44885 6668 51554 6999 58553 65387 123941 124091
2097152 44816 44816 6588 51405 6765 58170 64925 123096 123244
2097152 44875 44875 6672 51548 6997 58545 65404 123949 124098
2097152 44741 44741 6642 51384 6718 58102 65634 123737 123879
2097152 44924 44924 6610 51535 7341 58877 64094 122971 123143
2097152 44912 44912 6711 51623 6965 58588 65432 124021 124169
2097152 45056 45056 6749 51805 7056 58861 65393 124255 124414
2097152 44880 44880 6591 51471 6751 58222 64918 123141 123285
2097152 44877 44877 6672 51549 6980 58530 65560 124090 124243
2097152 44769 44769 6639 51409 6782 58191 65522 123714 123855
2097152 44919 44919 6626 51545 6928 58473 65748 124222 124374
2097152 44750 44750 6634 51384 6803 58188 65132 123321 123464
2097152 44840 44840 6637 51477 7001 58478 65384 123863 124015
2097152 44835 44835 6565 51401 6776 58177 64637 122815 122958
2097152 44854 44854 6662 51516 6989 58505 65334 123840 123995
4194304 89798 89798 13599 103397 16447 119845 137865 257711 258044
4194304 90464 90464 13275 103739 17806 121545 138048 259594 259957
4194304 90361 90361 14132 104494 16481 120975 139586 260562 260879
4194304 90487 90487 14119 104607 16591 121198 138735 259934 260274
4194304 90430 90430 13756 104186 16222 120409 158359 278768 279101
4194304 90658 90658 13859 104517 16694 121212 139981 261193 261582
4194304 90320 90320 13845 104165 16652 120818 139912 260730 261058
4194304 90424 90424 13816 104240 17036 121277 139239 260516 260866
4194304 90532 90532 13837 104370 16617 120987 138366 259354 259720
4194304 90644 90644 13704 104349 16811 121161 139015 260177 260505
4194304 90281 90281 14014 104296 16260 120557 137995 258552 258871
4194304 90443 90443 13869 104312 16668 120981 139354 260336 260700
4194304 90492 90492 14163 104655 16423 121079 162486 283566 283897
4194304 90694 90694 13971 104666 16707 121374 139970 261345 261679
4194304 90306 90306 13899 104205 16531 120736 138370 259107 259427
4194304 90467 90467 13951 104418 16851 121269 139155 260425 260756
4194304 90438 90438 13803 104242 16396 120638 138558 259197 259531
4194304 90631 90631 13955 104586 16604 121190 139555 260746 261086
4194304 90297 90297 13844 104142 16601 120743 138642 259385 259711
4194304 90434 90434 13896 104331 16952 121283 139013 260297 260626
4194304 90364 90364 13769 104133 16354 120487 138546 259034 259371
4194304 90652 90652 13739 104392 16768 121160 139728 260889 261227
4194304 90345 90345 13657 104003 16739 120742 138771 259513 259852
4194304 90446 90446 14062 104509 16567 121077 138466 259543 259909
4194304 90353 90353 13686 104039 16345 120385 138094 258479 258829
4194304 90632 90632 13912 104545 16513 121058 140101 261160 261490
4194304 90270 90270 13887 104157 16465 120623 163234 283858 284179
4194304 90414 90414 13979 104393 16941 121335 139482 260817 261166
4194304 90435 90435 13782 104218 16251 120469 137796 258265 258604
4194304 90623 90623 13922 104546 16755 121301 140584 261885 262226
4194304 90294 90294 13831 104125 16386 120511 140778 261289 261626
4194304 90482 90482 13883 104366 16869 121236 139442 260678 261006
8388608 180583 180583 30308 210892 48323 259216 301737 560953 561817
8388608 181254 181254 29087 210342 49028 259370 301074 560445 561321
8388608 181095 181095 30517 211613 49302 260916 294299 555215 556217
8388608 181479 181479 29744 211223 49613 260837 298361 559198 560261
8388608 181571 181571 29518 211090 49407 260497 297705 558203 559315
8388608 181211 181211 28636 209848 49476 259324 297906 557231 558306
8388608 182092 182092 28884 210976 51319 262296 298801 561097 562238
8388608 181675 181675 28704 210380 50208 260588 296729 557318 558426
8388608 182045 182045 28876 210922 51074 261996 299005 561002 562127
8388608 181582 181582 28753 210336 53599 263935 299963 563898 564996
8388608 182158 182158 28942 211101 50840 261942 299216 561158 562316
8388608 181650 181650 28818 210468 50407 260876 299233 560110 561201
8388608 182011 182011 28774 210785 51804 262590 298353 560943 562077
8388608 181688 181688 28914 210602 50424 261026 297321 558348 559458
8388608 182055 182055 28965 211020 50708 261728 302311 564039 565181
8388608 181606 181606 28835 210441 50217 260658 304154 564813 565926
8388608 182060 182060 28959 211019 51199 262219 298898 561117 562260
8388608 181268 181268 28961 210230 50174 260404 296241 556646 557742
8388608 182181 182181 28943 211124 50808 261933 300888 562821 563968
8388608 181616 181616 28753 210370 50220 260590 294375 554965 556065
8388608 182033 182033 29073 211106 51605 262711 300292 563004 564169
8388608 181573 181573 28769 210343 49860 260204 299022 559226 560300
8388608 182105 182105 29033 211138 51913 263052 297262 560314 561463
8388608 181519 181519 28876 210396 49705 260101 299785 559887 560988
8388608 182067 182067 29133 211201 51121 262322 297366 559688 560818
8388608 181636 181636 28872 210508 50687 261196 294460 555656 556754
8388608 182112 182112 29123 211236 51357 262593 301153 563747 564870
8388608 181647 181647 28931 210578 50283 260861 296494 557356 558474
8388608 182129 182129 29094 211223 50695 261919 298448 560368 561513
8388608 181495 181495 29002 210497 50277 260774 304491 565265 566348
8388608 182165 182165 29238 211403 51119 262522 299197 561720 562882
8388608 181758 181758 29109 210868 50671 261540 297646 559187 560291
16777216 364724 364724 65103 429828 137714 567543 690184 1257728 1260075
16777216 363260 363260 64702 427962 142575 570538 897474 1468013 1470245
16777216 364501 364501 65258 429759 139996 569756 681451 1251208 1253538
16777216 363418 363418 65197 428615 142060 570675 672137 1242812 1245057
16777216 364273 364273 65642 429915 142213 572129 677300 1249429 1251761
16777216 362723 362723 65231 427955 140395 568350 693626 1261977 1264194
16777216 364178 364178 65537 429716 143095 572811 679827 1252638 1254950
16777216 363150 363150 65236 428387 140971 569358 676188 1245546 1247746
16777216 364592 364592 65603 430196 143337 573533 680821 1254354 1256682
16777216 363092 363092 65135 428227 142005 570233 676314 1246547 1248777
16777216 364114 364114 64271 428385 142577 570963 680052 1251016 1253321
16777216 363031 363031 65175 428206 142275 570481 675173 1245655 1247870
16777216 363811 363811 65417 429228 144546 573775 681132 1254907 1257240
16777216 362157 362157 65049 427207 139490 566698 677107 1243805 1246053
16777216 364028 364028 65369 429397 141179 570577 680127 1250704 1253031
16777216 363286 363286 65066 428352 143500 571853 671307 1243161 1245387
16777216 363998 363998 65365 429364 142532 571896 678572 1250469 1252796
16777216 362928 362928 65176 428105 141664 569769 865949 1435719 1437970
16777216 364004 364004 65308 429312 141214 570527 677594 1248121 1250426
16777216 362854 362854 65149 428004 140787 568791 914525 1483316 1485579
16777216 364124 364124 65256 429380 143913 573293 672955 1246249 1248578
16777216 363038 363038 65059 428098 141605 569704 905707 1475411 1477629
16777216 364396 364396 65482 429879 143682 573561 679271 1252832 1255163
16777216 363230 363230 65128 428358 141564 569923 675767 1245690 1247907
16777216 363970 363970 65495 429465 141901 571366 678733 1250100 1252408
16777216 362749 362749 65166 427915 142921 570836 671225 1242062 1244299
16777216 364047 364047 65430 429477 141571 571049 678848 1249897 1252222
16777216 363133 363133 65169 428303 142635 570939 698848 1269787 1272021
16777216 364140 364140 65435 429576 140926 570503 681233 1251736 1254056
16777216 363018 363018 65104 428123 141869 569992 677497 1247489 1249704
16777216 363974 363974 65369 429344 142928 572272 679812 1252084 1254423
16777216 363143 363143 65094 428237 142561 570799 905595 1476394 1478641
33554432 728530 728530 127980 856511 328137 1184648 1489921 2674570 2678680
33554432 731181 731181 130016 861197 331391 1192589 1507799 2700389 2704532
33554432 728302 728302 128750 857052 327974 1185026 1502558 2687585 2691885
33554432 726628 726628 130045 856673 319063 1175737 1690440 2866178 2870327
33554432 727860 727860 130128 857988 321341 1179329 1486128 2665458 2669756
33554432 726797 726797 129958 856756 310715 1167472 1510383 2677855 2681965
33554432 727787 727787 129797 857585 310979 1168565 1487177 2655743 2659990
33554432 726831 726831 129616 856448 308272 1164720 1481515 2646236 2650362
33554432 727655 727655 129895 857550 314782 1172333 1492737 2665071 2669352
33554432 726636 726636 129782 856419 319635 1176054 1481663 2657718 2661824
33554432 728431 728431 129853 858284 312657 1170942 1485286 2656229 2660516
33554432 726928 726928 129598 856527 315660 1172187 1483571 2655759 2659866
33554432 727438 727438 129582 857020 307446 1164467 1469419 2633887 2638061
33554432 727850 727850 129835 857686 323899 1181586 1483680 2665266 2669539
33554432 726728 726728 129670 856398 308756 1165155 1596896 2762051 2766149
33554432 726140 726140 129552 855692 302678 1158370 1475161 2633531 2637616
33554432 728659 728659 130213 858873 320290 1179164 1484476 2663641 2667971
33554432 726616 726616 129627 856244 316151 1172395 1473639 2646034 2650221
33554432 727880 727880 130010 857891 310583 1168474 1485369 2653843 2658122
33554432 726082 726082 129630 855712 307361 1163073 1476639 2639713 2643813
33554432 728260 728260 130116 858376 322188 1180565 1488616 2669182 2673504
33554432 727045 727045 129862 856908 312350 1169259 1475771 2645031 2649169
33554432 727833 727833 130079 857912 325157 1183069 1481957 2665027 2669349
33554432 726691 726691 129824 856515 311026 1167541 1491169 2658711 2662880
33554432 728158 728158 130166 858325 307597 1165922 1485474 2651396 2655681
33554432 726621 726621 129609 856231 307488 1163719 1478706 2642425 2646597
33554432 728252 728252 130103 858356 307199 1165555 1482469 2648025 2652339
33554432 726776 726776 129531 856308 311790 1168099 1482624 2650724 2654816
33554432 728135 728135 130351 858486 320498 1178984 1508459 2687444 2691769
33554432 726500 726500 129805 856305 317166 1173471 1503847 2677318 2681475
33554432 728335 728335 130072 858407 311954 1170362 1505277 2675639 2679959
33554432 727313 727313 129730 857044 312868 1169913 1484918 2654831 2658981
