8 5 5 8 13 2 16 0 16 17
8 4 4 5 10 2 13 0 13 13
8 3 3 6 10 1 11 0 12 12
8 4 4 5 9 2 12 0 12 12
8 3 3 4 7 1 9 0 9 10
8 3 3 4 8 3 11 0 11 12
8 3 3 5 9 1 11 0 11 11
8 3 3 5 8 1 10 0 10 11
8 3 3 5 9 1 10 0 11 11
8 3 3 5 9 2 11 0 11 12
8 3 3 5 9 1 10 0 10 11
8 3 3 6 9 2 12 0 12 12
8 3 3 5 8 2 10 0 10 11
8 3 3 5 8 2 11 0 11 12
8 3 3 5 9 1 11 0 11 11
8 4 4 5 9 1 10 0 11 11
8 4 4 5 9 1 11 0 11 12
8 3 3 4 8 1 10 0 10 10
8 3 3 5 8 2 11 0 12 12
8 3 3 5 9 1 10 0 10 11
8 3 3 4 8 2 10 0 10 11
8 4 4 5 9 2 12 0 12 13
8 3 3 4 7 1 9 0 9 10
8 3 3 5 9 2 11 0 12 12
8 3 3 4 8 2 10 0 11 11
8 3 3 4 8 1 10 0 10 11
8 3 3 5 8 1 10 0 10 11
8 4 4 4 8 1 10 0 10 10
8 3 3 4 8 1 10 0 10 10
8 3 3 4 8 2 11 0 11 11
8 3 3 4 8 2 10 0 10 11
8 3 3 4 8 1 9 0 9 10
16 3 3 4 8 1 9 0 10 10
16 4 4 4 8 1 10 0 10 11
16 4 4 5 9 1 10 0 11 11
16 4 4 4 8 2 11 0 11 11
16 3 3 5 9 1 10 0 11 11
16 4 4 4 8 2 10 0 11 11
16 4 4 5 9 1 11 0 11 12
16 4 4 4 8 1 10 0 10 11
16 3 3 5 8 1 10 0 10 11
16 4 4 4 8 1 10 0 10 10
16 3 3 4 8 1 9 0 10 10
16 4 4 4 8 1 10 0 10 11
16 3 3 4 8 1 9 0 9 9
16 3 3 4 8 1 9 0 10 10
16 4 4 4 9 1 10 0 10 11
16 4 4 4 8 2 11 0 11 11
16 4 4 5 9 1 10 0 11 11
16 4 4 6 10 1 11 0 12 12
16 3 3 4 8 1 10 0 10 10
16 3 3 4 8 1 9 0 10 10
16 3 3 4 8 1 10 0 10 11
16 4 4 5 9 1 10 0 10 11
16 3 3 5 9 1 10 0 11 11
16 4 4 4 8 1 10 0 10 10
16 3 3 5 9 1 10 0 11 11
16 4 4 5 9 2 12 0 12 13
16 4 4 5 9 1 10 0 11 11
16 4 4 5 9 1 10 0 11 11
16 3 3 4 8 2 11 0 11 11
16 4 4 5 9 2 12 0 12 12
16 4 4 5 9 1 11 0 12 12
16 4 4 5 9 2 11 0 12 12
32 4 4 5 10 2 12 0 12 13
32 4 4 5 10 1 12 0 12 12
32 4 4 4 9 2 12 0 12 13
32 4 4 5 10 2 13 0 13 14
32 4 4 5 10 2 12 0 12 12
32 4 4 4 9 2 11 0 12 12
32 4 4 5 10 2 12 0 13 13
32 4 4 5 10 2 12 0 12 13
32 4 4 5 10 2 12 0 12 13
32 4 4 4 9 2 11 0 11 12
32 4 4 4 9 2 11 0 11 11
32 4 4 4 9 1 11 0 11 12
32 4 4 5 9 1 11 0 11 12
32 4 4 4 9 2 11 0 11 12
32 4 4 4 9 1 10 0 10 11
32 4 4 5 10 1 12 0 12 12
32 4 4 5 10 2 13 0 13 14
32 4 4 4 9 2 12 0 12 13
32 5 5 5 10 2 12 0 13 13
32 4 4 5 10 3 13 0 13 14
32 4 4 5 9 1 11 0 11 12
32 4 4 5 9 1 11 0 12 12
32 4 4 5 9 3 12 0 13 13
32 4 4 5 9 1 10 0 11 11
32 4 4 5 9 1 11 0 11 12
32 4 4 4 9 1 10 0 11 11
32 4 4 4 9 2 12 0 12 12
32 4 4 5 9 2 12 0 12 12
32 4 4 5 10 2 12 0 13 13
32 4 4 6 10 2 13 0 13 14
32 4 4 4 9 1 10 0 11 11
32 4 4 4 9 2 11 0 12 12
64 6 6 5 12 1 13 0 14 14
64 5 5 5 11 2 13 0 14 14
64 5 5 5 10 1 11 0 12 12
64 6 6 5 11 2 14 0 14 15
64 6 6 5 11 1 13 0 13 14
64 5 5 5 11 2 13 0 14 14
64 5 5 4 10 1 12 0 13 13
64 5 5 4 10 2 12 0 13 13
64 5 5 4 10 1 11 0 12 12
64 5 5 4 10 2 12 0 13 13
64 5 5 5 10 2 13 0 13 14
64 5 5 4 10 1 12 0 12 13
64 6 6 5 11 1 13 0 13 14
64 6 6 4 10 1 11 0 12 12
64 5 5 5 11 1 13 0 13 14
64 5 5 5 11 2 13 0 13 14
64 5 5 4 10 2 12 0 13 13
64 5 5 5 11 1 12 0 13 13
64 5 5 4 10 1 12 0 12 13
64 6 6 5 11 1 13 0 14 14
64 5 5 4 10 1 12 0 12 13
64 5 5 5 10 2 13 0 13 13
64 6 6 5 11 2 13 0 14 14
64 5 5 4 9 1 11 0 11 12
64 5 5 5 10 1 11 0 12 12
64 5 5 5 10 1 12 0 13 13
64 5 5 4 10 2 12 0 13 13
64 6 6 4 10 1 12 0 12 13
64 5 5 4 10 1 11 0 12 12
64 6 6 5 11 1 13 0 13 14
64 5 5 5 11 2 13 0 13 14
64 5 5 5 10 2 13 0 13 14
128 7 7 5 13 2 15 1 16 16
128 7 7 6 13 1 15 1 16 17
128 7 7 4 12 1 14 0 15 15
128 6 6 5 12 1 13 0 14 15
128 6 6 5 11 2 14 1 15 15
128 7 7 4 11 1 13 1 14 15
128 7 7 5 12 1 14 0 15 15
128 7 7 5 12 1 14 1 15 15
128 7 7 5 12 1 14 1 15 15
128 7 7 4 12 1 13 1 15 15
128 7 7 5 12 1 14 1 15 15
128 7 7 4 12 2 14 1 15 16
128 7 7 5 12 1 14 0 15 15
128 7 7 4 12 1 14 1 15 15
128 7 7 4 12 3 15 0 16 16
128 7 7 4 12 1 13 1 14 15
128 7 7 4 12 1 14 1 15 15
128 7 7 4 11 1 13 1 14 14
128 6 6 4 11 1 13 0 14 14
128 6 6 4 11 1 13 1 14 14
128 7 7 4 12 1 13 1 15 15
128 7 7 4 12 1 13 0 14 15
128 7 7 6 14 2 16 1 17 18
128 7 7 4 12 1 14 1 15 15
128 7 7 5 12 3 16 1 17 17
128 7 7 4 12 1 13 0 14 15
128 7 7 4 11 1 13 1 14 15
128 7 7 5 12 1 14 1 15 16
128 6 6 4 11 1 13 1 14 14
128 7 7 5 12 1 14 0 15 15
128 7 7 5 13 2 15 1 16 16
128 7 7 5 12 1 14 1 15 16
256 11 11 5 16 2 19 2 21 21
256 10 10 5 15 2 18 2 20 20
256 10 10 5 16 2 18 2 20 21
256 10 10 4 15 2 17 2 19 20
256 10 10 5 15 1 17 2 19 20
256 10 10 6 17 1 18 2 20 21
256 10 10 5 16 1 17 2 19 20
256 10 10 5 15 1 17 2 19 20
256 10 10 5 15 2 18 2 20 21
256 10 10 5 15 1 17 2 19 20
256 10 10 5 16 1 18 2 20 21
256 10 10 6 16 1 18 2 20 20
256 10 10 5 16 2 18 2 20 21
256 10 10 5 15 1 17 2 19 20
256 11 11 6 17 2 19 2 21 22
256 10 10 5 15 2 17 2 19 20
256 10 10 5 16 2 18 1 20 20
256 10 10 5 15 1 17 2 19 19
256 11 11 5 16 4 20 1 22 23
256 10 10 5 15 1 17 2 19 19
256 10 10 5 15 2 18 2 20 20
256 10 10 5 16 2 18 2 20 21
256 11 11 5 16 1 18 2 20 20
256 11 11 6 17 1 18 2 20 21
256 10 10 5 16 2 18 2 20 21
256 9 9 4 14 2 17 1 19 19
256 10 10 5 15 1 16 2 18 19
256 10 10 5 15 2 18 2 20 20
256 11 11 6 17 2 19 2 21 22
256 10 10 5 15 1 17 1 19 19
256 10 10 5 16 2 18 1 20 20
256 10 10 5 16 1 17 2 19 20
512 16 16 6 22 2 25 4 29 29
512 16 16 5 22 1 24 4 28 29
512 16 16 6 23 2 25 4 29 30
512 16 16 6 22 2 25 4 29 29
512 16 16 7 23 2 26 4 30 31
512 16 16 6 22 2 25 4 29 30
512 16 16 6 23 2 25 4 30 30
512 16 16 6 22 2 25 4 29 30
512 16 16 6 22 2 25 4 29 30
512 16 16 6 22 2 25 4 30 30
512 16 16 5 22 2 24 4 28 29
512 15 15 5 21 2 23 4 28 28
512 15 15 6 22 2 24 4 28 29
512 16 16 6 23 2 25 4 29 30
512 15 15 6 22 2 24 4 28 29
512 16 16 6 22 1 24 4 28 29
512 16 16 6 22 2 25 4 29 29
512 16 16 5 22 2 24 4 28 29
512 16 16 5 21 2 24 4 28 29
512 16 16 6 22 2 25 4 29 30
512 16 16 6 22 2 25 4 29 30
512 16 16 6 22 2 25 4 29 30
512 17 17 6 23 2 25 4 29 30
512 15 15 5 21 2 24 4 28 29
512 16 16 5 22 2 24 4 29 29
512 15 15 6 21 2 23 4 27 28
512 15 15 6 21 1 23 4 28 29
512 16 16 5 21 2 23 4 28 28
512 15 15 5 21 2 23 4 27 28
512 16 16 5 22 2 24 4 28 29
512 15 15 5 21 2 23 4 27 28
512 15 15 6 21 2 24 4 28 29
1024 27 27 7 34 2 37 9 46 47
1024 26 26 6 33 3 36 9 45 46
1024 26 26 7 33 2 36 9 45 46
1024 26 26 7 33 2 36 9 45 46
1024 26 26 7 34 2 36 9 46 46
1024 27 27 7 34 2 37 9 46 47
1024 26 26 8 35 3 38 9 47 48
1024 27 27 7 34 2 37 9 47 47
1024 26 26 7 34 2 37 9 46 47
1024 26 26 7 33 2 36 9 45 46
1024 27 27 7 34 3 38 9 47 47
1024 38 38 7 45 2 48 9 57 58
1024 27 27 7 34 2 36 9 46 46
1024 26 26 7 34 2 36 8 45 46
1024 27 27 7 34 2 37 9 46 47
1024 26 26 7 33 3 36 9 45 46
1024 26 26 7 34 2 37 9 46 47
1024 27 27 7 34 2 37 9 46 47
1024 27 27 7 34 2 37 9 46 47
1024 27 27 7 34 2 36 9 46 46
1024 26 26 7 33 2 36 9 45 46
1024 26 26 7 33 3 36 9 45 46
1024 26 26 9 35 3 39 9 48 48
1024 27 27 8 35 3 38 9 47 48
1024 27 27 7 34 2 37 9 46 47
1024 26 26 6 33 3 36 9 45 46
1024 25 25 6 32 3 35 9 44 44
1024 25 25 7 33 2 36 9 45 46
1024 25 25 7 32 3 35 9 45 45
1024 27 27 7 34 2 37 9 47 47
1024 27 27 7 34 3 38 9 47 48
1024 27 27 7 34 2 37 9 46 47
2048 48 48 12 60 4 65 19 85 85
2048 47 47 12 60 4 65 20 85 85
2048 46 46 11 58 4 63 19 82 83
2048 47 47 11 59 4 63 19 83 83
2048 47 47 11 58 3 62 20 82 83
2048 48 48 12 61 3 65 19 85 85
2048 48 48 11 59 4 64 19 84 84
2048 47 47 11 59 4 64 19 84 84
2048 48 48 11 59 3 63 19 83 84
2048 47 47 11 58 4 63 19 83 83
2048 47 47 12 59 4 64 19 83 84
2048 47 47 11 59 4 63 19 83 83
2048 49 49 12 61 4 65 20 86 86
2048 48 48 12 61 4 65 19 85 86
2048 48 48 12 60 4 64 19 84 85
2048 47 47 11 59 3 63 20 83 84
2048 48 48 11 60 4 64 20 84 85
2048 47 47 12 59 4 64 19 84 84
2048 47 47 12 60 4 64 19 84 85
2048 47 47 12 59 4 63 19 83 83
2048 47 47 12 60 5 65 19 85 86
2048 48 48 12 60 4 64 19 84 85
2048 47 47 11 59 4 64 19 84 84
2048 47 47 11 59 4 63 19 83 83
2048 48 48 11 59 4 64 19 83 84
2048 47 47 11 59 4 63 20 84 84
2048 48 48 11 59 4 64 20 84 85
2048 48 48 11 60 4 64 19 84 85
2048 48 48 12 60 4 64 20 84 85
2048 48 48 12 60 4 65 19 85 85
2048 47 47 12 59 4 64 20 84 85
2048 47 47 12 60 4 65 20 85 86
4096 92 92 16 109 7 116 43 159 159
4096 92 92 15 108 7 115 43 158 158
4096 93 93 16 110 6 116 43 159 160
4096 101 101 15 117 6 124 43 167 168
4096 93 93 16 110 6 116 44 161 162
4096 92 92 16 109 7 116 43 160 160
4096 93 93 16 109 6 116 43 159 160
4096 92 92 17 109 6 116 43 159 160
4096 92 92 15 108 7 115 42 158 159
4096 93 93 16 109 7 117 44 161 162
4096 92 92 16 109 6 116 44 160 160
4096 92 92 16 109 7 117 44 162 162
4096 93 93 17 110 7 118 42 161 162
4096 94 94 15 110 7 117 43 161 161
4096 93 93 16 109 6 116 43 159 160
4096 92 92 16 108 6 115 43 158 159
4096 93 93 16 109 7 116 43 160 160
4096 92 92 16 108 8 117 42 159 160
4096 93 93 16 110 7 117 42 160 161
4096 93 93 17 110 7 118 43 162 162
4096 93 93 16 110 7 117 43 160 161
4096 92 92 17 109 9 118 43 161 162
4096 92 92 16 109 6 116 42 159 160
4096 93 93 16 110 6 116 43 160 160
4096 92 92 15 108 7 115 43 158 159
4096 93 93 16 109 7 116 43 159 160
4096 93 93 16 109 6 116 43 159 160
4096 92 92 17 110 7 117 43 161 161
4096 92 92 16 109 6 116 43 159 160
4096 92 92 16 109 6 115 43 159 159
4096 93 93 16 109 6 116 42 159 160
4096 92 92 16 109 6 116 43 159 160
8192 181 181 31 212 15 227 96 323 324
8192 180 180 31 211 14 226 96 322 323
8192 181 181 30 211 14 226 97 323 323
8192 179 179 30 210 14 224 96 321 321
8192 188 188 32 221 13 235 96 331 332
8192 180 180 30 210 14 224 96 321 321
8192 181 181 31 212 13 226 96 322 323
8192 181 181 30 211 14 225 96 321 322
8192 182 182 31 213 14 227 96 324 325
8192 180 180 31 211 14 226 95 321 322
8192 181 181 31 212 14 226 96 323 324
8192 180 180 31 212 15 227 96 323 324
8192 180 180 31 211 15 227 96 324 324
8192 178 178 30 208 16 225 96 321 322
8192 180 180 32 212 14 226 96 322 323
8192 180 180 30 211 14 225 96 322 322
8192 182 182 31 213 14 227 97 325 325
8192 180 180 30 210 14 225 96 321 322
8192 179 179 30 210 14 225 95 320 321
8192 181 181 30 211 14 226 96 322 323
8192 180 180 30 210 14 225 105 330 330
8192 180 180 30 211 13 225 96 322 322
8192 180 180 32 212 13 226 95 322 322
8192 181 181 31 212 14 226 96 323 324
8192 181 181 31 212 14 227 96 324 324
8192 180 180 30 211 14 225 96 322 323
8192 181 181 30 212 14 226 96 323 324
8192 181 181 33 215 14 229 96 326 327
8192 181 181 30 212 14 226 97 323 324
8192 181 181 31 212 13 226 96 322 323
8192 180 180 30 211 13 225 96 322 322
8192 180 180 30 211 14 226 96 322 322
16384 363 363 55 419 32 451 229 681 692
16384 364 364 55 420 31 451 229 680 689
16384 364 364 56 420 31 452 228 681 689
16384 365 365 56 422 30 453 229 682 691
16384 364 364 55 420 31 452 230 682 691
16384 363 363 57 421 33 454 231 686 695
16384 362 362 53 416 29 445 240 686 695
16384 362 362 55 418 30 449 231 680 689
16384 362 362 56 418 32 451 230 682 691
16384 361 361 55 416 31 448 229 678 687
16384 371 371 56 428 31 459 230 689 698
16384 363 363 54 418 31 450 231 681 689
16384 364 364 54 418 30 449 229 678 686
16384 362 362 58 420 31 451 237 688 699
16384 363 363 55 418 32 450 229 680 688
16384 362 362 54 417 32 449 229 679 688
16384 363 363 55 419 31 450 231 681 689
16384 376 376 55 431 31 463 232 695 704
16384 362 362 55 418 31 450 227 678 687
16384 362 362 57 420 31 451 228 679 688
16384 364 364 55 420 30 451 229 680 688
16384 362 362 55 417 31 448 230 679 687
16384 361 361 54 415 31 447 229 676 685
16384 362 362 57 419 32 452 228 681 691
16384 362 362 70 433 34 467 230 698 708
16384 361 361 54 415 31 447 230 677 686
16384 361 361 54 416 31 448 229 677 685
16384 363 363 55 418 31 450 229 679 687
16384 365 365 54 419 31 451 232 683 692
16384 362 362 54 416 31 448 230 678 686
16384 362 362 55 417 31 448 230 679 687
16384 363 363 55 418 31 450 229 679 688
32768 713 713 110 824 77 901 485 1387 1407
32768 719 719 112 832 78 910 487 1397 1417
32768 720 720 109 830 78 908 499 1408 1429
32768 719 719 113 832 81 913 490 1404 1424
32768 719 719 111 830 80 911 490 1401 1423
32768 717 717 113 830 81 911 513 1425 1446
32768 733 733 113 847 81 928 514 1443 1463
32768 719 719 110 829 79 908 494 1403 1424
32768 728 728 111 840 84 924 501 1425 1445
32768 718 718 110 828 79 908 504 1412 1433
32768 736 736 111 847 78 925 492 1418 1438
32768 720 720 112 832 81 914 517 1432 1453
32768 721 721 111 833 90 923 501 1424 1445
32768 720 720 110 830 79 910 505 1415 1447
32768 719 719 112 832 81 913 536 1450 1473
32768 714 714 111 825 81 906 487 1394 1415
32768 714 714 111 825 80 906 494 1400 1421
32768 712 712 108 821 82 903 492 1396 1416
32768 720 720 111 831 81 912 497 1410 1432
32768 722 722 111 834 78 913 490 1403 1424
32768 721 721 111 832 77 909 493 1403 1423
32768 729 729 114 843 78 921 491 1412 1431
32768 720 720 109 830 77 907 486 1394 1414
32768 727 727 114 841 79 921 503 1425 1448
32768 718 718 111 830 80 910 489 1400 1420
32768 730 730 111 842 80 922 492 1415 1437
32768 718 718 110 828 78 907 491 1398 1418
32768 719 719 110 830 80 910 520 1430 1453
32768 720 720 111 831 79 911 492 1403 1424
32768 721 721 112 833 80 913 510 1424 1446
32768 719 719 109 829 78 908 499 1407 1426
32768 719 719 109 829 77 906 492 1398 1420
65536 1423 1423 213 1637 176 1813 1251 3064 3096
65536 1442 1442 219 1661 193 1855 1269 3125 3158
65536 1438 1438 214 1652 175 1828 1249 3078 3110
65536 1435 1435 212 1648 181 1829 1227 3057 3088
65536 1417 1417 221 1639 193 1833 1242 3076 3108
65536 1432 1432 212 1645 181 1826 1259 3086 3118
65536 1428 1428 213 1641 198 1840 1261 3101 3133
65536 1424 1424 213 1637 187 1824 1259 3084 3118
65536 1431 1431 212 1644 183 1828 1288 3116 3149
65536 1425 1425 211 1636 179 1816 1258 3074 3106
65536 1432 1432 216 1649 177 1827 1255 3082 3113
65536 1444 1444 213 1657 186 1844 1260 3104 3133
65536 1441 1441 212 1653 178 1832 1254 3086 3116
65536 1432 1432 211 1643 183 1827 1241 3068 3099
65536 1427 1427 212 1640 234 1874 1292 3166 3201
65536 1433 1433 210 1643 209 1853 1296 3150 3180
65536 1427 1427 214 1642 179 1822 1252 3075 3106
65536 1426 1426 211 1638 184 1822 1256 3079 3110
65536 1418 1418 213 1631 195 1826 1278 3105 3135
65536 1425 1425 212 1638 181 1819 1241 3060 3091
65536 1440 1440 218 1659 175 1834 1248 3082 3113
65536 1433 1433 210 1644 183 1827 1238 3066 3097
65536 1444 1444 214 1658 175 1834 1242 3076 3109
65536 1426 1426 212 1638 209 1848 1288 3136 3170
65536 1431 1431 213 1645 183 1828 1260 3088 3120
65536 1434 1434 212 1646 183 1830 1282 3112 3142
65536 1429 1429 212 1642 202 1844 1298 3143 3174
65536 1432 1432 213 1646 183 1829 1254 3084 3117
65536 1432 1432 213 1645 184 1830 1239 3070 3099
65536 1440 1440 214 1655 195 1851 1303 3154 3186
65536 1435 1435 213 1648 183 1832 1247 3080 3110
65536 1440 1440 211 1652 196 1848 1234 3083 3114
131072 2860 2860 418 3279 533 3812 2824 6636 6675
131072 2838 2838 409 3247 542 3789 2805 6595 6633
131072 2848 2848 412 3260 581 3842 2811 6654 6692
131072 2861 2861 412 3273 545 3819 2836 6656 6695
131072 2865 2865 415 3280 572 3852 2849 6702 6737
131072 2902 2902 415 3318 595 3913 2833 6747 6787
131072 2852 2852 404 3257 541 3799 2805 6605 6643
131072 2851 2851 413 3265 583 3849 2848 6697 6734
131072 2870 2870 426 3297 555 3852 2838 6691 6730
131072 2857 2857 413 3271 543 3814 2828 6642 6679
131072 2858 2858 408 3267 543 3811 2814 6625 6663
131072 2845 2845 430 3276 574 3851 2854 6705 6744
131072 2849 2849 412 3261 603 3865 2826 6691 6729
131072 2850 2850 412 3262 558 3820 2814 6635 6673
131072 2861 2861 418 3280 554 3835 2805 6640 6679
131072 2840 2840 407 3248 534 3782 2802 6585 6624
131072 2847 2847 419 3267 546 3813 2805 6618 6656
131072 2877 2877 411 3288 529 3817 2804 6621 6660
131072 2872 2872 410 3283 531 3815 2807 6622 6670
131072 2866 2866 415 3282 582 3865 2852 6718 6758
131072 2839 2839 404 3243 544 3788 2763 6551 6600
131072 2832 2832 408 3240 597 3838 2814 6652 6689
131072 2866 2866 408 3275 538 3813 2807 6620 6657
131072 2861 2861 409 3270 545 3816 2811 6627 6665
131072 2869 2869 412 3281 536 3817 2797 6614 6654
131072 2863 2863 425 3288 543 3832 2807 6639 6680
131072 2845 2845 408 3254 548 3802 2824 6626 6665
131072 2856 2856 409 3266 496 3762 2787 6549 6590
131072 2862 2862 415 3277 575 3852 2839 6692 6730
131072 2856 2856 411 3267 556 3823 2850 6673 6714
131072 2848 2848 406 3254 541 3795 2808 6604 6641
131072 2856 2856 409 3266 570 3837 2817 6654 6691
262144 5717 5717 828 6546 1417 7963 6405 14369 14422
262144 5687 5687 832 6520 1460 7980 6382 14363 14416
262144 5646 5646 815 6462 1390 7853 6349 14202 14253
262144 5706 5706 833 6540 1408 7949 6360 14310 14361
262144 5718 5718 841 6560 1431 7991 6371 14362 14437
262144 5712 5712 813 6526 1386 7912 6311 14223 14276
262144 5717 5717 820 6537 1476 8014 6477 14491 14545
262144 5660 5660 796 6457 1351 7808 6251 14060 14102
262144 5721 5721 812 6534 1349 7883 6221 14105 14157
262144 5712 5712 808 6521 1339 7860 6224 14084 14132
262144 5711 5711 807 6519 1300 7819 6219 14039 14092
262144 5703 5703 804 6508 1323 7831 6286 14117 14166
262144 5719 5719 813 6532 1291 7824 6166 13990 14039
262144 5718 5718 821 6539 1324 7864 6291 14155 14204
262144 5648 5648 801 6450 1310 7761 6200 13961 14011
262144 5706 5706 805 6511 1294 7805 6247 14053 14101
262144 5702 5702 813 6515 1307 7823 6205 14028 14077
262144 5655 5655 792 6447 1316 7764 6146 13910 13959
262144 5717 5717 808 6525 1306 7832 6237 14069 14119
262144 5699 5699 803 6503 1318 7821 6193 14014 14063
262144 5705 5705 801 6507 1266 7773 6208 13982 14030
262144 5695 5695 819 6514 1294 7809 6202 14012 14060
262144 5684 5684 810 6494 1335 7830 6238 14068 14116
262144 5724 5724 811 6535 1365 7901 6295 14196 14246
262144 5677 5677 819 6497 1287 7784 6180 13965 14017
262144 5692 5692 806 6499 1304 7804 6145 13949 13997
262144 5697 5697 804 6501 1323 7825 6244 14070 14119
262144 5636 5636 798 6435 1294 7730 6162 13892 13939
262144 5712 5712 804 6516 1301 7818 6173 13991 14042
262144 5629 5629 789 6418 1324 7742 6124 13866 13915
262144 5692 5692 796 6488 1257 7745 6157 13902 13950
262144 5698 5698 807 6505 1298 7804 6207 14011 14057
524288 11380 11380 1654 13035 2998 16034 13957 29991 30065
524288 11404 11404 1665 13069 3057 16126 14074 30201 30274
524288 11403 11403 1659 13062 3198 16261 14291 30552 30627
524288 11277 11277 1643 12921 3057 15978 14069 30047 30122
524288 11381 11381 1620 13002 2855 15858 13799 29657 29727
524288 11263 11263 1577 12840 2732 15572 13592 29165 29229
524288 11397 11397 1657 13055 3063 16118 13913 30031 30100
524288 11343 11343 1599 12943 2737 15680 13709 29389 29452
524288 11248 11248 1581 12829 2702 15532 13645 29177 29241
524288 11376 11376 1587 12963 2731 15695 13550 29246 29310
524288 11219 11219 1585 12805 2586 15391 13485 28876 28937
524288 11338 11338 1571 12909 2595 15505 13534 29039 29103
524288 11234 11234 1546 12780 2518 15299 13555 28854 28914
524288 11349 11349 1570 12919 2528 15448 13636 29084 29145
524288 11234 11234 1554 12788 2505 15294 13575 28869 28929
524288 11320 11320 1565 12885 2508 15393 13800 29194 29253
524288 11406 11406 1601 13007 2572 15579 13663 29243 29303
524288 11350 11350 1561 12912 2507 15419 13621 29040 29100
524288 11223 11223 1551 12775 2478 15253 13522 28776 28833
524288 11324 11324 1557 12882 2480 15362 13676 29039 29100
524288 11205 11205 1538 12744 2446 15190 13514 28704 28761
524288 11283 11283 1545 12828 2426 15254 13629 28884 28941
524288 11191 11191 1526 12717 2458 15176 13526 28703 28757
524288 11345 11345 1553 12898 2490 15388 13677 29066 29126
524288 11347 11347 1565 12913 2486 15399 13654 29053 29110
524288 11196 11196 1529 12725 2441 15167 13564 28732 28787
524288 11317 11317 1542 12859 2443 15303 13608 28911 28969
524288 11327 11327 1547 12874 2384 15259 13641 28900 28958
524288 11333 11333 1546 12880 2430 15310 13680 28991 29047
524288 11343 11343 1536 12880 2431 15311 13648 28959 29028
524288 11199 11199 1545 12744 2434 15178 13730 28909 28962
524288 11313 11313 1537 12851 2420 15272 13603 28875 28931
1048576 22344 22344 3212 25557 5057 30614 30300 60915 61002
1048576 22614 22614 3282 25897 5204 31101 30479 61580 61673
1048576 22400 22400 3022 25423 5068 30491 29729 60220 60306
1048576 22678 22678 3225 25904 5109 31013 29950 60964 61057
1048576 22323 22323 3019 25343 4962 30305 29768 60074 60157
1048576 22647 22647 3106 25754 4949 30704 30037 60741 60828
1048576 22360 22360 3012 25372 4907 30280 29487 59767 59851
1048576 22583 22583 3069 25653 4949 30602 29780 60383 60470
1048576 22802 22802 3240 26042 5189 31232 30166 61398 61490
1048576 22364 22364 3016 25380 4946 30326 29656 59982 60066
1048576 22465 22465 3063 25528 4957 30486 29663 60150 60236
1048576 22258 22258 2994 25253 4915 30168 29607 59775 59859
1048576 22449 22449 3045 25495 4928 30424 29613 60037 60129
1048576 22236 22236 2992 25228 4883 30112 29431 59543 59623
1048576 22443 22443 3046 25490 4932 30422 29550 59972 60060
1048576 22210 22210 2992 25202 4865 30068 29404 59472 59558
1048576 22461 22461 3040 25502 4908 30410 29216 59627 59712
1048576 22225 22225 2985 25211 4847 30059 29311 59371 59454
1048576 22463 22463 3038 25501 4868 30370 29345 59716 59801
1048576 22244 22244 3000 25244 4842 30086 29086 59173 59255
1048576 22440 22440 3039 25480 4876 30357 28985 59342 59431
1048576 22693 22693 3135 25829 4820 30649 29443 60093 60187
1048576 22507 22507 3064 25572 4855 30427 29422 59850 59937
1048576 22596 22596 3072 25669 4880 30549 29496 60046 60138
1048576 22467 22467 3034 25501 4883 30385 29270 59655 59739
1048576 22383 22383 3067 25451 4844 30295 29451 59747 59834
1048576 22469 22469 3060 25529 4883 30413 29402 59815 59899
1048576 22266 22266 2985 25252 4837 30090 29340 59430 59511
1048576 22468 22468 3056 25525 4876 30402 29474 59876 59961
1048576 22227 22227 2993 25221 4837 30059 29058 59117 59201
1048576 22493 22493 3056 25549 4842 30392 29170 59562 59648
1048576 22262 22262 2991 25254 4826 30080 29139 59219 59303
2097152 45387 45387 6512 51900 12341 64241 67560 131802 131974
2097152 45152 45152 6506 51659 11827 63486 67027 130514 130679
2097152 44657 44657 6383 51040 11492 62533 67293 129826 129985
2097152 45165 45165 6348 51513 10948 62462 66889 129352 129510
2097152 44303 44303 6126 50430 12350 62781 66919 129700 129854
2097152 45123 45123 6238 51361 11980 63341 67786 131128 131289
2097152 44328 44328 6103 50431 11914 62346 66602 128948 129104
2097152 45060 45060 6275 51336 11930 63267 66713 129980 130155
2097152 44282 44282 6095 50377 11362 61739 66304 128044 128217
2097152 45069 45069 6265 51335 11040 62376 66188 128565 128722
2097152 44295 44295 6111 50406 10237 60644 65748 126393 126544
2097152 45059 45059 6274 51333 12381 63714 67484 131199 131363
2097152 44245 44245 6105 50351 11708 62060 65447 127507 127700
2097152 45047 45047 6263 51311 11810 63121 66744 129865 130024
2097152 44275 44275 6097 50372 11143 61515 66563 128078 128236
2097152 45072 45072 6263 51335 11327 62663 66807 129471 129640
2097152 44276 44276 6114 50390 10686 61076 66089 127165 127320
2097152 45046 45046 6274 51321 11396 62718 66657 129375 129535
2097152 44272 44272 6102 50374 11362 61737 66178 127915 128069
2097152 45038 45038 6258 51297 12219 63517 67053 130570 130730
2097152 44276 44276 6100 50376 11548 61925 66260 128185 128336
2097152 45046 45046 6266 51313 10191 61504 65820 127325 127487
2097152 44300 44300 6091 50391 12253 62645 66703 129349 129507
2097152 45097 45097 6277 51374 12120 63494 66365 129859 130025
2097152 44279 44279 6108 50388 11295 61683 65551 127235 127413
2097152 45240 45240 6367 51607 12289 63897 66931 130828 130996
2097152 44514 44514 6188 50702 12021 62723 66309 129033 129190
2097152 45110 45110 6299 51410 10642 62052 65454 127507 127667
2097152 44286 44286 6122 50409 10523 60932 65823 126756 126912
2097152 45042 45042 6279 51322 12076 63398 66983 130381 130546
2097152 44262 44262 6097 50360 11471 61831 66388 128220 128374
2097152 45071 45071 6288 51360 11837 63198 66190 129389 129551
4194304 88541 88541 12764 101305 22637 123943 147025 270968 271347
4194304 90935 90935 12920 103855 22205 126061 147624 273686 274077
4194304 89219 89219 12700 101919 22783 124703 147517 272221 272638
4194304 90890 90890 12997 103887 22307 126194 149212 275407 275759
4194304 89153 89153 12776 101930 22580 124510 147691 272202 272583
4194304 90930 90930 12987 103918 22728 126646 148387 275033 275418
4194304 89214 89214 12756 101971 22650 124621 147090 271712 272088
4194304 90940 90940 13029 103970 22479 126449 151149 277598 277980
4194304 89191 89191 12676 101867 21832 123699 147189 270889 271276
4194304 90933 90933 13027 103960 22269 126229 147785 274014 274427
4194304 89283 89283 12711 101995 22808 124803 147691 272495 272886
4194304 90964 90964 13052 104016 22455 126472 149382 275854 276243
4194304 89220 89220 12748 101968 22977 124946 146932 271878 272277
4194304 90919 90919 13051 103971 22855 126826 149783 276610 277064
4194304 89325 89325 12605 101930 21910 123840 147592 271433 271811
4194304 91002 91002 13066 104068 22394 126463 149083 275546 275932
4194304 89170 89170 12745 101916 22401 124317 147044 271362 271736
4194304 90975 90975 12994 103970 22868 126839 148031 274871 275256
4194304 89195 89195 12709 101905 22502 124407 147024 271431 271807
4194304 90969 90969 12996 103966 21831 125797 149033 274830 275228
4194304 89228 89228 12719 101948 22021 123969 147121 271090 271467
4194304 90948 90948 13012 103961 22441 126403 148444 274848 275229
4194304 89262 89262 12723 101986 21742 123728 146939 270668 271057
4194304 90958 90958 13003 103961 21816 125778 151385 277163 277577
4194304 89172 89172 12717 101889 22448 124338 146637 270975 271359
4194304 90948 90948 13012 103961 22415 126376 148136 274512 274899
4194304 89207 89207 12801 102008 22798 124807 147169 271977 272352
4194304 90958 90958 12979 103937 22081 126019 150115 276134 276519
4194304 89193 89193 12766 101959 22235 124195 148052 272248 272639
4194304 90937 90937 13002 103940 22717 126657 147525 274182 274579
4194304 89198 89198 12778 101977 22730 124707 148458 273165 273555
4194304 90929 90929 13000 103929 21995 125925 150071 275996 276386
8388608 178175 178175 25493 203668 59958 263627 363226 626853 627846
8388608 181956 181956 26029 207985 60705 268690 364603 633294 634296
8388608 178187 178187 25589 203776 61792 265569 364077 629647 630623
8388608 182025 182025 26286 208311 61752 270063 366130 636194 637177
8388608 178430 178430 25675 204105 61804 265910 362504 628414 629418
8388608 182093 182093 26264 208357 62443 270801 366694 637496 638508
8388608 178402 178402 25787 204190 62886 267076 369642 636719 637733
8388608 182049 182049 26186 208235 62010 270245 365022 635268 636258
8388608 178477 178477 25470 203948 67228 271176 366236 637412 638421
8388608 182062 182062 26321 208383 63648 272032 366937 638970 639987
8388608 182907 182907 26505 209412 64197 273609 365970 639579 640578
8388608 182157 182157 26111 208269 61135 269404 364677 634081 635097
8388608 178536 178536 25801 204338 60916 265254 366004 631259 632265
8388608 182136 182136 26224 208360 62144 270505 370618 641124 642114
8388608 178536 178536 25741 204277 61438 265716 363354 629071 630066
8388608 182037 182037 26201 208238 61878 270117 368835 638952 639961
8388608 178401 178401 25687 204089 61179 265268 368259 633528 634552
8388608 182110 182110 26228 208338 61359 269698 364169 633867 634887
8388608 181803 181803 26315 208119 61353 269473 364294 633768 634768
8388608 178483 178483 25766 204249 62412 266662 364675 631338 632334
8388608 182109 182109 26181 208290 62395 270686 371885 642571 643611
8388608 178481 178481 25798 204279 61612 265892 365486 631379 632363
8388608 182143 182143 26276 208419 61766 270186 366111 636297 637285
8388608 178471 178471 25816 204288 63002 267291 368569 635861 636867
8388608 182171 182171 26289 208461 61937 270399 364899 635299 636311
8388608 178475 178475 25783 204259 61708 265967 364409 630376 631363
8388608 182099 182099 26331 208431 62640 271071 368392 639464 640463
8388608 178399 178399 25901 204300 63012 267313 364651 631964 632958
8388608 182128 182128 26292 208420 63573 271994 370148 642142 643151
8388608 181858 181858 26414 208273 61475 269748 364098 633847 634846
8388608 178448 178448 25400 203849 64174 268023 365423 633447 634428
8388608 182192 182192 26346 208538 62719 271258 370898 642156 643189
16777216 356787 356787 50334 407122 178212 585334 870535 1455870 1457887
16777216 364208 364208 52250 416458 203443 619901 870521 1490423 1492605
16777216 356510 356510 51171 407682 199230 606912 873301 1480213 1482326
16777216 364108 364108 51798 415907 200268 616175 867267 1483443 1485493
16777216 357051 357051 50919 407970 202309 610280 865303 1475584 1477669
16777216 364482 364482 52147 416630 199112 615743 870148 1485891 1488035
16777216 356604 356604 50866 407470 196369 603839 867081 1470921 1472950
16777216 364288 364288 51970 416259 199538 615797 875116 1490913 1493045
16777216 356844 356844 50988 407833 198604 606437 874749 1481186 1483281
16777216 364279 364279 52196 416476 196082 612559 870921 1483481 1485629
16777216 356403 356403 51050 407454 199542 606997 864655 1471653 1473722
16777216 363847 363847 52181 416029 198971 615001 880158 1495159 1497297
16777216 356632 356632 51017 407650 198577 606227 865752 1471980 1474057
16777216 364013 364013 51978 415991 200287 616279 868365 1484644 1486827
16777216 356797 356797 50975 407772 197386 605158 881152 1486311 1488413
16777216 364221 364221 52180 416401 197177 613578 874125 1487704 1489837
16777216 356783 356783 51067 407851 196416 604268 861651 1465919 1468008
16777216 364122 364122 52153 416275 196348 612624 869479 1482103 1484224
16777216 356729 356729 51037 407767 196409 604177 868105 1472282 1474374
16777216 364218 364218 52268 416486 196371 612858 872966 1485825 1487936
16777216 356382 356382 51094 407477 199540 607017 875943 1482960 1485049
16777216 364201 364201 51449 415650 198857 614508 867406 1481915 1484044
16777216 356734 356734 51029 407763 198380 606144 866719 1472864 1475013
16777216 364199 364199 52157 416357 201079 617437 878917 1496354 1498501
16777216 356859 356859 51047 407907 197645 605552 865546 1471099 1473196
16777216 364375 364375 52086 416461 199253 615715 869965 1485680 1487827
16777216 356767 356767 51122 407890 196718 604608 870235 1474844 1476929
16777216 364127 364127 52036 416163 196256 612420 867964 1480384 1482534
16777216 356698 356698 51141 407840 197064 604904 877956 1482860 1484949
16777216 364218 364218 52104 416322 196799 613122 866982 1480104 1482189
16777216 356755 356755 50769 407525 198698 606223 869864 1476087 1478183
16777216 364208 364208 52149 416358 197656 614015 882007 1496022 1498194
33554432 732720 732720 102531 835252 431690 1266943 1957472 3224416 3228390
33554432 714324 714324 100147 814471 432625 1247096 1949847 3196944 3200987
33554432 733217 733217 102597 835815 434406 1270222 1957215 3227438 3231383
33554432 714289 714289 100079 814369 430498 1244867 1952124 3196992 3200794
33554432 733423 733423 103120 836543 434148 1270692 1951791 3222484 3226522
33554432 714028 714028 100905 814933 431331 1246264 1960399 3206663 3210498
33554432 713948 713948 100223 814171 413703 1227875 1940792 3168667 3172516
33554432 721931 721931 101582 823514 448243 1271758 1958999 3230757 3235015
33554432 713955 713955 101529 815484 432738 1248223 1948285 3196508 3200486
33554432 721297 721297 101051 822348 441729 1264077 1962428 3226506 3230531
33554432 733522 733522 102984 836507 435307 1271815 1954555 3226370 3230360
33554432 730185 730185 102698 832883 435347 1268231 1953582 3221813 3225988
33554432 714718 714718 101452 816170 432839 1249010 1948391 3197402 3201607
33554432 729029 729029 101959 830988 434002 1264991 1942469 3207460 3211577
33554432 733499 733499 103226 836725 433849 1270575 1947586 3218161 3222221
33554432 729727 729727 102570 832297 435491 1267788 1943001 3210790 3214854
33554432 714806 714806 100887 815694 434280 1249975 1961987 3211963 3216029
33554432 729465 729465 103387 832853 434369 1267223 1948223 3215447 3219588
33554432 714341 714341 100502 814844 444666 1259510 1941137 3200647 3204614
33554432 729981 729981 102871 832853 434272 1267126 1945985 3213111 3217254
33554432 714223 714223 101302 815525 433543 1249069 1950997 3200066 3204118
33554432 729672 729672 102697 832370 434419 1266789 1958438 3225227 3229344
33554432 714984 714984 100719 815704 437261 1252965 1948604 3201570 3205581
33554432 729199 729199 103555 832755 435625 1268380 1953860 3222241 3226413
33554432 714396 714396 100839 815235 431417 1246652 1960528 3207181 3211181
33554432 730079 730079 102784 832863 436895 1269759 1954745 3224504 3228623
33554432 714369 714369 101435 815804 433651 1249456 1952266 3201723 3205737
33554432 729259 729259 102864 832123 435780 1267904 1942648 3210552 3214696
33554432 715061 715061 100776 815837 435337 1251174 1963591 3214765 3218814
33554432 729542 729542 103282 832825 433924 1266749 1962597 3229346 3233489
33554432 714302 714302 100762 815064 434553 1249618 1949000 3198618 3202665
33554432 730152 730152 102970 833122 434950 1268073 1955518 3223592 3227712
